0.47560531514394955 
0.47560531514394955 
0.47560531514394955 
0.47560531514394955 
0.47560531514394955 
0.47560531514394955 
0.47560531514394955 
0.47560531514394955 
0.47560531514394955 
0.47560531514394955 
0.47560531514394955 
0.47560531514394955 
0.47454532326901644 
0.4704005589996203 
0.46716595573188946 
0.46465014162655971 
0.46270073565009651 
0.46119662530519656 
0.46004172455742354 
0.45915994177281072 
0.45849113239454675 
0.45798785015262944 
0.4576127439088219 
0.45733647523598164 
0.45713605511672994 
0.45699351736149707 
0.45689486210627417 
0.45682921561643841 
0.45678816308743209 
0.45676521961893779 
0.45675541140391929 
0.45675494471596612 
0.45662350900480286 
0.42258150201370548 
0.39527442393005363 
0.37338380319951658 
0.35583573698142967 
0.3417614915786531 
0.33046201607575432 
0.32137708934726295 
0.31405913911725269 
0.30815141076338326 
0.30336999849312252 
0.29948920142617874 
0.29632968073491894 
0.29374893973587568 
0.29163370784294862 
0.28989387081587581 
0.28845764800291807 
0.2872677695469813 
0.28627845183021328 
0.28545300778870464 
0.28476196065809933 
0.28418155595701822 
0.28369258788220986 
0.28327947355268057 
0.28292952240325442 
0.28263235910573525 
0.28237946721155815 
0.28216382770142678 
0.28197963215638489 
0.28182205462631393 
0.28168706970529511 
0.28157130702132238 
0.28147193446483043 
0.28138656413947827 
0.28131317631740327 
0.28125005769714784 
0.28119575105680827 
0.28114901401583647 
0.28110878510421122 
0.28107415571706851 
0.28096678041324807 
0.28049483832993249 
0.28010295953759423 
0.27977643903288918 
0.27950351366506065 
0.27927472915831819 
0.27908245017382927 
0.27892048026756555 
0.27878376632744839 
0.2786681680129216 
0.27857027727769956 
0.27848727654848204 
0.27841682680497015 
0.27835697885003086 
0.2783061026204745 
0.27826283058184664 
0.27822601216190546 
0.27819467687373256 
0.27816800431173883 
0.27814529961117651 
0.278125973273885 
0.27810952450256732 
0.27809552737015963 
0.27808361929297365 
0.27807349138621895 
0.27806488036586019 
0.27805756172728657 
0.27805134398336873 
0.27804606378546393 
0.27804158178336125 
0.27803777910597272 
0.27803455436521451 
0.27803182110216706 
0.27802950560806916 
0.27802754506369909 
0.27802588594968702 
0.27802448268775459 
0.27802329647901936 
0.27802229431065106 
0.27802144810646068 
0.27802073400061744 
0.278020131716745 
0.27801962403722535 
0.27801919634973882 
0.27801883625993062 
0.27801853326068815 
0.27801827844987959 
0.27801806428956022 
0.27801788440065511 
0.27801429054373883 
0.27800871932003191 
0.27800405218626445 
0.2780001441750457 
0.27799687335346701 
0.27799413717399413 
0.27799184940854504 
0.27798993756979096 
0.27798834074047252 
0.27798700774506147 
0.27798589560913256 
0.27798496826083907 
0.27798419543631248 
0.27798355175696732 
0.27798301595179187 
0.27798257020196426 
0.27798219958870218 
0.27798189162822917 
0.27798163588026803 
0.27798142361856437 
0.27798124755374787 
0.27798110160032263 
0.27798098068086818 
0.27798088056158865 
0.27798079771427409 
0.27798072920049599 
0.27798067257450776 
0.27798062580188487 
0.2779805871913873 
0.2779805553379322 
0.27798052907489856 
0.27798050743425362 
0.27798048961324739 
0.27798047494660283 
0.27798046288331713 
0.27798045296731622 
0.27798044482133499 
0.2779804381334936 
0.27798043264612593 
0.27798042814648827 
0.27798042445903814 
0.27798042143901858 
0.27798041896713366 
0.27798041694513265 
0.27798041529214723 
0.2779804139416584 
0.27798041283898489 
0.27798041193920309 
0.2779804112054316 
0.27798041060740752 
0.27798041012031716 
0.27798040972382532 
0.27798040940127944 
0.27798040913904976 
0.27798040892598819 
0.27798040875298202 
0.27798040861258755 
0.27798040849872774 
0.27798040840644445 
0.27798040833169491 
0.27798040827118486 
0.27798040822223236 
0.27798040818265457 
0.27798040815067537 
0.27798040812485236 
0.27798040810401325 
0.27798040808720648 
0.27798040807365987 
0.27798040806274849 
0.27798040805396484 
0.27798040804689828 
0.2779804080412166 
0.27798040803665147 
0.27798040803298574 
0.27798040803004387 
0.27798040802768464 
0.27798040802579349 
0.27798040802427881 
0.27798040802306645 
0.27798040802209623 
0.27798040802132085 
0.27798040802070134 
0.27798040802020652 
0.2779804080198115 
0.27798040801949675 
0.27798040801924595 
0.277980408019046 
0.27798040801888679 
0.27798040801876045 
0.27798040801865964 
0.27798040801857959 
0.27798040801851609 
0.27798040801846591 
0.27798040801842594 
0.2779804080183943 
0.27798040801836921 
0.27798040801834911 
0.27798040801833357 
0.27798040801832113 
0.27798040801831125 
0.27798040801830348 
0.27798040801829726 
0.27798040801829271 
0.27798040801828894 
0.27798040801828572 
0.2779804080182835 
0.27798040801828172 
0.27798040801828017 
0.27798040801827906 
0.27798040801827806 
0.2779804080182775 
0.27798040801827706 
0.27798040801827639 
0.27798040801827606 
0.27798040801827595 
0.27798040801827562 
0.27798040801827539 
0.27798040801827539 
0.27798040801827517 
0.27798040801827517 
0.27798040801827517 
0.27798040801827517 
0.27798040801827517 
0.27798040801827517 
0.27798040801827517 
0.27798040801827517 
0.27798040801827517 
0.27798040801827506 
0.27798040801827506 
0.27798040801827506 
0.27798040801827506 
0.27798040801827506 
0.27798040801827506 
0.27798040801827506 
0.27798040801827506 
0.27798040801827506 
0.27798040801827506 
0.27798040801827506 
0.27798040801827506 
0.27798040801827506 
0.27798040801827506 
0.27798040801827506 
0.27798040801827506 
0.27798040801827506 
0.27798040801827506 
0.27798040801827506 
0.27798040801827506 
0.27798040801827506 
0.27798040801827506 
0.27798040801827506 
0.27798040801827506 
0.27798040801827506 
0.27798040801827506 
0.27798040801827506 
0.27798040801827506 
0.27798040801827506 
0.27798040801827506 
0.27798040801827506 
0.27798040801827506 
0.27798040801827506 
0.27798040801827506 
0.27798040801827506 
0.27798040801827506 
0.27798040801827506 
0.27798040801827506 
0.27798040801827506 
0.27798040801827506 
0.27798040801827506 
0.27798040801827506 
0.27798040801827506 
0.27798040801827506 
0.27798040801827506 
0.27798040801827506 
0.27798040801827506 
0.27798040801827506 
0.27798040801827506 
0.27798040801827506 
0.27798040801827506 
0.27798040801827506 
0.27798040801827506 
0.27798040801827506 
0.27798040801827506 
0.27798040801827506 
0.27798040801827506 
0.27798040801827506 
0.27798040801827506 
0.27798040801827506 
0.27798040801827506 
0.27798040801827506 
0.27798040801827506 
0.27798040801827506 
0.27798040801827506 
0.27798040801827506 
0.27798040801827506 
0.27798040801827506 
0.27798040801827506 
0.27798040801827506 
0.27798040801827506 
0.27798040801827506 
0.27798040801827506 
0.27798040801827506 
0.27798040801827506 
0.27798040801827506 
0.27798040801827506 
0.27798040801827506 
0.27798040801827506 
0.27798040801827506 
0.27798040801827506 
0.27798040801827506 
0.27798040801827506 
0.27798040801827506 
0.27798040801827506 
0.27798040801827506 
0.27798040801827506 
0.27798040801827506 
0.27798040801827506 
0.27798040801827506 
0.27798040801827506 
0.27798040801827506 
0.27798040801827506 
0.27798040801827506 
0.27798040801827506 
0.27798040801827506 
0.27798040801827506 
0.27798040801827506 
0.27798040801827506 
0.27798040801827506 
0.27798040801827506 
0.27798040801827506 
0.27798040801827506 
0.27798040801827506 
0.27798040801827506 
0.27798040801827506 
0.27798040801827506 
0.27798040801827506 
0.27798040801827506 
0.27798040801827506 
0.27798040801827506 
0.27798040801827506 
0.27798040801827506 
0.27798040801827506 
0.27798040801827506 
0.27798040801827506 
0.27798040801827506 
0.27798040801827506 
0.27798040801827506 
0.27798040801827506 
0.27798040801827506 
0.27798040801827506 
0.27798040801827506 
0.27798040801827506 
0.27798040801827506 
0.27798040801827506 
0.27798040801827506 
0.27798040801827506 
0.27798040801827506 
0.27798040801827506 
0.27798040801827506 
0.27798040801827506 
0.27798040801827506 
0.27798040801827506 
0.27798040801827506 
0.27798040801827506 
0.27798040801827506 
0.27798040801827506 
0.27798040801827506 
0.27798040801827506 
0.27798040801827506 
0.27798040801827506 
0.27798040801827506 
0.27798040801827506 
0.27798040801827506 
0.27798040801827506 
0.27798040801827506 
0.27798040801827506 
0.27798040801827506 
0.27798040801827506 
0.27798040801827506 
0.27798040801827506 
0.27798040801827506 
0.27798040801827506 
0.27798040801827506 
0.27798040801827506 
0.27798040801827506 
0.27798040801827506 
0.27798040801827506 
0.27798040801827506 
0.27798040801827506 
0.27798040801827506 
0.27798040801827506 
0.27798040801827506 
0.27798040801827506 
0.27798040801827506 
0.27798040801827506 
0.27798040801827506 
0.27798040801827506 
0.27798040801827506 
0.27798040801827506 
0.27798040801827506 
0.27798040801827506 
0.27798040801827506 
0.27798040801827506 
0.27798040801827506 
0.27798040801827506 
0.27798040801827506 
0.27798040801827506 
0.27798040801827506 
0.27798040801827506 
0.27798040801827506 
0.27798040801827506 
0.27798040801827506 
0.27798040801827506 
0.27798040801827506 
0.27798040801827506 
0.27798040801827506 
0.27798040801827506 
0.27798040801827506 
0.27798040801827506 
0.27798040801827506 
0.27798040801827506 
0.27798040801827506 
0.27798040801827506 
0.27798040801827506 
0.27798040801827506 
0.27798040801827506 
0.27798040801827506 
0.27798040801827506 
0.27798040801827506 
0.27798040801827506 
0.27798040801827506 
0.27798040801827506 
0.27798040801827506 
0.27798040801827506 
0.27798040801827506 
0.27798040801827506 
0.27798040801827506 
0.27798040801827506 
0.27798040801827506 
0.27798040801827506 
0.27798040801827506 
0.27798040801827506 
0.27798040801827506 
0.27798040801827506 
0.27798040801827506 
0.27798040801827506 
0.27798040801827506 
0.27798040801827506 
0.27798040801827506 
0.27798040801827506 
0.27798040801827506 
0.27798040801827506 
0.27798040801827506 
0.27798040801827506 
0.27798040801827506 
0.27798040801827506 
0.27798040801827506 
0.27798040801827506 
0.27798040801827506 
0.27798040801827506 
0.27798040801827506 
0.27798040801827506 
0.27798040801827506 
0.27798040801827506 
0.27798040801827506 
0.27798040801827506 
0.27798040801827506 
0.27798040801827506 
0.27798040801827506 
0.27798040801827506 
0.27798040801827506 
0.27798040801827506 
0.27798040801827506 
0.27798040801827506 
0.27798040801827506 
0.27798040801827506 
0.27798040801827506 
0.27798040801827506 
0.27798040801827506 
0.27798040801827506 
0.27798040801827506 
0.27798040801827506 
0.27798040801827506 
0.27798040801827506 
0.27798040801827506 
0.27798040801827506 
0.27798040801827506 
0.27798040801827506 
0.27798040801827506 
0.27798040801827506 
0.27798040801827506 
0.27798040801827506 
0.27798040801827506 
0.27798040801827506 
0.27798040801827506 
0.27798040801827506 
0.27798040801827506 
0.27798040801827506 
0.27798040801827506 
0.27798040801827506 
0.27798040801827506 
0.27798040801827506 
0.27798040801827506 
0.27798040801827506 
0.27798040801827506 
0.27798040801827506 
0.27798040801827506 
0.27798040801827506 
0.27798040801827506 
0.27798040801827506 
0.27798040801827506 
0.27798040801827506 
0.27798040801827506 
0.27798040801827506 
0.27798040801827506 
0.27798040801827506 
0.27798040801827506 
0.27798040801827506 
0.27798040801827506 
0.27798040801827506 
0.27798040801827506 
0.27798040801827506 
0.27798040801827506 
0.27798040801827506 
0.27798040801827506 
0.27798040801827506 
0.27798040801827506 
0.27798040801827506 
0.27798040801827506 
0.27798040801827506 
0.27798040801827506 
0.27798040801827506 
0.27798040801827506 
0.27798040801827506 
0.27798040801827506 
0.27798040801827506 
0.27798040801827506 
0.27798040801827506 
0.27798040801827506 
0.27798040801827506 
0.27798040801827506 
0.27798040801827506 
0.27798040801827506 
0.27798040801827506 
0.27798040801827506 
0.27798040801827506 
0.27798040801827506 
0.27798040801827506 
0.27798040801827506 
0.27798040801827506 
0.27798040801827506 
0.27798040801827506 
0.27798040801827506 
0.27798040801827506 
0.27798040801827506 
0.27798040801827506 
0.27798040801827506 
0.27798040801827506 
0.27798040801827506 
0.27798040801827506 
0.27798040801827506 
0.27798040801827506 
0.27798040801827506 
0.27798040801827506 
0.27798040801827506 
0.27798040801827506 
0.27798040801827506 
0.27798040801827506 
0.27798040801827506 
0.27798040801827506 
0.27798040801827506 
0.27798040801827506 
0.27798040801827506 
0.27798040801827506 
0.27798040801827506 
0.27798040801827506 
0.27798040801827506 
0.27798040801827506 
0.27798040801827506 
0.27798040801827506 
0.27798040801827506 
0.27798040801827506 
0.27798040801827506 
0.27798040801827506 
0.27798040801827506 
0.27798040801827506 
0.27798040801827506 
0.27798040801827506 
0.27798040801827506 
0.27798040801827506 
0.27798040801827506 
0.27798040801827506 
0.27798040801827506 
0.27798040801827506 
0.27798040801827506 
0.27798040801827506 
0.27798040801827506 
0.27798040801827506 
0.27798040801827506 
0.27798040801827506 
0.27798040801827506 
0.27798040801827506 
0.27798040801827506 
0.27798040801827506 
0.27798040801827506 
0.27798040801827506 
0.27798040801827506 
0.27798040801827506 
0.27798040801827506 
0.27798040801827506 
0.27798040801827506 
0.27798040801827506 
0.27798040801827506 
0.27798040801827506 
0.27798040801827506 
0.27798040801827506 
0.27798040801827506 
0.27798040801827506 
0.27798040801827506 
0.27798040801827506 
0.27798040801827506 
0.27798040801827506 
0.27798040801827506 
0.27798040801827506 
0.27798040801827506 
0.27798040801827506 
0.27798040801827506 
0.27798040801827506 
0.27798040801827506 
0.27798040801827506 
0.27798040801827506 
0.27798040801827506 
0.27798040801827506 
0.27798040801827506 
0.27798040801827506 
0.27798040801827506 
0.27798040801827506 
0.27798040801827506 
0.27798040801827506 
0.27798040801827506 
0.27798040801827506 
0.27798040801827506 
0.27798040801827506 
0.27798040801827506 
0.27798040801827506 
0.27798040801827506 
0.27798040801827506 
0.27798040801827506 
0.27798040801827506 
0.27798040801827506 
0.27798040801827506 
0.27798040801827506 
0.27798040801827506 
0.27798040801827506 
0.27798040801827506 
0.27798040801827506 
0.27798040801827506 
0.27798040801827506 
0.27798040801827506 
0.27798040801827506 
0.27798040801827506 
0.27798040801827506 
0.27798040801827506 
0.27798040801827506 
0.27798040801827506 
0.27798040801827506 
0.27798040801827506 
0.27798040801827506 
0.27798040801827506 
0.27798040801827506 
0.27798040801827506 
0.27798040801827506 
0.27798040801827506 
0.27798040801827506 
0.27798040801827506 
0.27798040801827506 
0.27798040801827506 
0.27798040801827506 
0.27798040801827506 
0.27798040801827506 
0.27798040801827506 
0.27798040801827506 
0.27798040801827506 
0.27798040801827506 
0.27798040801827506 
0.27798040801827506 
0.27798040801827506 
0.27798040801827506 
0.27798040801827506 
0.27798040801827506 
0.27798040801827506 
0.27798040801827506 
0.27798040801827506 
0.27798040801827506 
0.27798040801827506 
0.27798040801827506 
0.27798040801827506 
0.27798040801827506 
0.27798040801827506 
0.27798040801827506 
0.27798040801827506 
0.27798040801827506 
0.27798040801827506 
0.27798040801827506 
0.27798040801827506 
0.27798040801827506 
0.27798040801827506 
0.27798040801827506 
0.27798040801827506 
0.27798040801827506 
0.27798040801827506 
0.27798040801827506 
0.27798040801827506 
0.27798040801827506 
0.27798040801827506 
0.27798040801827506 
0.27798040801827506 
0.27798040801827506 
0.27798040801827506 
0.27798040801827506 
0.27798040801827506 
0.27798040801827506 
0.27798040801827506 
0.27798040801827506 
0.27798040801827506 
0.27798040801827506 
0.27798040801827506 
0.27798040801827506 
0.27798040801827506 
0.27798040801827506 
0.27798040801827506 
0.27798040801827506 
0.27798040801827506 
0.27798040801827506 
0.27798040801827506 
0.27798040801827506 
0.27798040801827506 
0.27798040801827506 
0.27798040801827506 
0.27798040801827506 
0.27798040801827506 
0.27798040801827506 
0.27798040801827506 
0.27798040801827506 
0.27798040801827506 
0.27798040801827506 
0.27798040801827506 
0.27798040801827506 
0.27798040801827506 
0.27798040801827506 
0.27798040801827506 
0.27798040801827506 
0.27798040801827506 
0.27798040801827506 
0.27798040801827506 
0.27798040801827506 
0.27798040801827506 
0.27798040801827506 
0.27798040801827506 
0.27798040801827506 
0.27798040801827506 
0.27798040801827506 
0.27798040801827506 
0.27798040801827506 
0.27798040801827506 
0.27798040801827506 
0.27798040801827506 
0.27798040801827506 
0.27798040801827506 
0.27798040801827506 
0.27798040801827506 
0.27798040801827506 
0.27798040801827506 
0.27798040801827506 
0.27798040801827506 
0.27798040801827506 
0.27798040801827506 
0.27798040801827506 
0.27798040801827506 
0.27798040801827506 
0.27798040801827506 
0.27798040801827506 
0.27798040801827506 
0.27798040801827506 
0.27798040801827506 
0.27798040801827506 
0.27798040801827506 
0.27798040801827506 
0.27798040801827506 
0.27798040801827506 
0.27798040801827506 
0.27798040801827506 
0.27798040801827506 
0.27798040801827506 
0.27798040801827506 
0.27798040801827506 
0.27798040801827506 
0.27798040801827506 
0.27798040801827506 
0.27798040801827506 
0.27798040801827506 
0.27798040801827506 
0.27798040801827506 
0.27798040801827506 
0.27798040801827506 
0.27798040801827506 
0.27798040801827506 
0.27798040801827506 
0.27798040801827506 
0.27798040801827506 
0.27798040801827506 
0.27798040801827506 
0.27798040801827506 
0.27798040801827506 
0.27798040801827506 
0.27798040801827506 
0.27798040801827506 
0.27798040801827506 
0.27798040801827506 
0.27798040801827506 
0.27798040801827506 
0.27798040801827506 
0.27798040801827506 
0.27798040801827506 
0.27798040801827506 
0.27798040801827506 
0.27798040801827506 
0.27798040801827506 
0.27798040801827506 
0.27798040801827506 
0.27798040801827506 
0.27798040801827506 
0.27798040801827506 
0.27798040801827506 
0.27798040801827506 
0.27798040801827506 
0.27798040801827506 
0.27798040801827506 
0.27798040801827506 
0.27798040801827506 
0.27798040801827506 
0.27798040801827506 
0.27798040801827506 
0.27798040801827506 
0.27798040801827506 
0.27798040801827506 
0.27798040801827506 
0.27798040801827506 
0.27798040801827506 
0.27798040801827506 
0.27798040801827506 
0.27798040801827506 
0.27798040801827506 
0.27798040801827506 
0.27798040801827506 
0.27798040801827506 
0.27798040801827506 
0.27798040801827506 
0.27798040801827506 
0.27798040801827506 
0.27798040801827506 
0.27798040801827506 
0.27798040801827506 
0.27798040801827506 
0.27798040801827506 
0.27798040801827506 
0.27798040801827506 
0.27798040801827506 
0.27798040801827506 
0.27798040801827506 
0.27798040801827506 
0.27798040801827506 
0.27798040801827506 
0.27798040801827506 
0.27798040801827506 
0.27798040801827506 
0.27798040801827506 
0.27798040801827506 
0.27798040801827506 
0.27798040801827506 
0.27798040801827506 
0.27798040801827506 
0.27798040801827506 
0.27798040801827506 
0.27798040801827506 
0.27798040801827506 
0.27798040801827506 
0.27798040801827506 
0.27798040801827506 
0.27798040801827506 
0.27798040801827506 
0.27798040801827506 
0.27798040801827506 
0.27798040801827506 
0.27798040801827506 
0.27798040801827506 
0.27798040801827506 
0.27798040801827506 
0.27798040801827506 
0.27798040801827506 
0.27798040801827506 
0.27798040801827506 
0.27798040801827506 
0.27798040801827506 
0.27798040801827506 
0.27798040801827506 
0.27798040801827506 
0.27798040801827506 
0.27798040801827506 
0.27798040801827506 
0.27798040801827506 
0.27798040801827506 
0.27798040801827506 
0.27798040801827506 
0.27798040801827506 
0.27798040801827506 
0.27798040801827506 
0.27798040801827506 
0.27798040801827506 
0.27798040801827506 
0.27798040801827506 
0.27798040801827506 
0.27798040801827506 
0.27798040801827506 
0.27798040801827506 
0.27798040801827506 
0.27798040801827506 
0.27798040801827506 
0.27798040801827506 
0.27798040801827506 
0.27798040801827506 
0.27798040801827506 
0.27798040801827506 
0.27798040801827506 
0.27798040801827506 
0.27798040801827506 
0.27798040801827506 
0.27798040801827506 
0.27798040801827506 
0.27798040801827506 
0.27798040801827506 
0.27798040801827506 
0.27798040801827506 
0.27798040801827506 
0.27798040801827506 
0.27798040801827506 
0.27798040801827506 
0.27798040801827506 
0.27798040801827506 
0.27798040801827506 
0.27798040801827506 
0.27798040801827506 
0.27798040801827506 
0.27798040801827506 
0.27798040801827506 
0.27798040801827506 
0.27798040801827506 
0.27798040801827506 
0.27798040801827506 
0.27798040801827506 
0.27798040801827506 
0.27798040801827506 
0.27798040801827506 
0.27798040801827506 
0.27798040801827506 
0.27798040801827506 
0.27798040801827506 
0.27798040801827506 
0.27798040801827506 
0.27798040801827506 
0.27798040801827506 
0.27798040801827506 
0.27798040801827506 
0.27798040801827506 
0.27798040801827506 
0.27798040801827506 
0.27798040801827506 
0.27798040801827506 
0.27798040801827506 
0.27798040801827506 
