0.56611784222004125 
0.56611784222004125 
0.56611784222004125 
0.56611784222004125 
0.56611784222004125 
0.56611784222004125 
0.52624323336175882 
0.40967392159031857 
0.31527907624362217 
0.23990256045963909 
0.18047711253739052 
0.13419812723204416 
0.098601112717043304 
0.071579991599244996 
0.051371633282114582 
0.036523166543868002 
0.025852367646522545 
0.018407187802457869 
0.013427728845736286 
0.01031224897268157 
0.008587743149141458 
0.007885053642294193 
0.00057555372081496969 
0.00057555372081496969 
0.00057555372081496969 
0.00049382429219346768 
0.00016744619455377752 
0.00016744619455377752 
0.00016744619455377752 
0.00016744619455377752 
0.00016744619455377752 
0.00016744619455377752 
0.00016744619455377752 
0.00016744619455377752 
0.00016744619455377752 
0.00016744619455377752 
0.00016744619455377752 
0.00016744619455377752 
0.00016744619455377752 
0.00016744619455377752 
0.00016744619455377752 
0.00016744619455377752 
0.00016744619455377752 
0.00016744619455377752 
0.00016744619455377752 
0.00016744619455377752 
0.00016744619455377752 
0.00016744619455377752 
0.00015481119462901205 
0.00013431454642054419 
0.00013431454642054419 
0.00011030125247790679 
8.6592137974461636e-05 
6.8669083243877438e-05 
5.5146883791046264e-05 
4.496666515696468e-05 
3.7320128319806578e-05 
3.1591130925212596e-05 
2.7310694281412751e-05 
2.412239475846345e-05 
2.1755776990706188e-05 
2.0005955949309318e-05 
1.8717987677052683e-05 
1.7774909703671682e-05 
1.7088601793835423e-05 
1.6592811471261015e-05 
1.6237838968535812e-05 
1.5986492552522158e-05 
1.5811015090627656e-05 
1.569075216301119e-05 
1.5610385565634211e-05 
1.5558597297737897e-05 
1.552706084617661e-05 
7.8727297661007611e-06 
2.5456854610972357e-06 
5.9901328441913648e-07 
5.9901328441913648e-07 
5.9901328441913648e-07 
5.9901328441913648e-07 
5.9901328441913648e-07 
5.9901328441913648e-07 
5.9901328441913648e-07 
5.9901328441913648e-07 
5.9901328441913648e-07 
5.9901328441913648e-07 
5.9901328441913648e-07 
5.9901328441913648e-07 
4.9708395499781233e-07 
4.9708395499781233e-07 
4.9708395499781233e-07 
4.9708395499781233e-07 
4.9708395499781233e-07 
4.9708395499781233e-07 
4.2561176427646785e-07 
3.495443848811064e-07 
3.0388712712881016e-07 
2.7892178733335271e-07 
2.6777034989322601e-07 
2.6560197197156299e-07 
2.6560197197156299e-07 
2.6560197197156299e-07 
2.6560197197156299e-07 
2.6560197197156299e-07 
2.6560197197156299e-07 
2.6560197197156299e-07 
2.6560197197156299e-07 
2.6560197197156299e-07 
2.6560197197156299e-07 
2.6560197197156299e-07 
2.6560197197156299e-07 
2.6560197197156299e-07 
2.6560197197156299e-07 
2.5976270512373389e-07 
2.4882833971062723e-07 
2.2512750907921486e-07 
1.9839897202889034e-07 
1.8248512556606755e-07 
1.737627750575399e-07 
1.6562230720218452e-07 
1.4903618095196691e-07 
1.3647242336212173e-07 
1.2688998796139828e-07 
1.1952971512574351e-07 
1.1383594866742897e-07 
1.059715543094697e-07 
9.1519758327329725e-08 
8.0638539956545685e-08 
7.2386806215796184e-08 
6.6082895266994512e-08 
6.1231136938566522e-08 
5.7469472403148814e-08 
5.4532071525059678e-08 
5.2222624558062591e-08 
5.0395233208710977e-08 
4.8940715147161029e-08 
4.7776763767437558e-08 
4.6840856193774982e-08 
4.6085126714778823e-08 
4.5472642540289598e-08 
4.3745079780777019e-08 
4.2422501955741154e-08 
4.1479723877912988e-08 
4.0804237655400755e-08 
4.0317433280812054e-08 
3.9964311304707678e-08 
3.9706319010512914e-08 
3.9516368621761444e-08 
3.9375370519678654e-08 
3.9269823504106682e-08 
3.9190136913447304e-08 
3.9129462225950817e-08 
3.9082881264640434e-08 
3.9046839206413608e-08 
3.9018746345043098e-08 
3.8996701534621536e-08 
3.8916155409296493e-08 
3.8737437035862854e-08 
3.8590962314621891e-08 
3.8470937546719597e-08 
3.8372613198056627e-08 
3.8292091608660428e-08 
3.8226174448041661e-08 
3.8172235483635575e-08 
3.8128117996194533e-08 
3.8092051068971955e-08 
3.8062580531850188e-08 
3.8038512562010851e-08 
3.8018867387634714e-08 
3.8002840985207342e-08 
3.7989774548385924e-08 
3.7979127176512861e-08 
3.7970455890601329e-08 
3.7963398313856089e-08 
3.7957657572640358e-08 
3.7952990972200951e-08 
3.7949199227504948e-08 
3.7946120690079965e-08 
3.7943622466229954e-08 
3.7924811846501427e-08 
3.7908028160948959e-08 
3.7894487991962933e-08 
3.7883562953311412e-08 
3.7874747671473585e-08 
3.7867635915844744e-08 
3.7861899393476506e-08 
3.7857273760266708e-08 
3.7853544854193899e-08 
3.7850540590689263e-08 
3.784812074858479e-08 
3.7846172640243481e-08 
3.7844605227377315e-08 
3.7843345124244365e-08 
3.784233182368979e-08 
3.7841518141235042e-08 
3.784086477498505e-08 
3.784034041665052e-08 
3.7839920197235699e-08 
3.7839583244547725e-08 
3.7839313349330439e-08 
3.7839097410952149e-08 
3.7838924549227215e-08 
3.7838786437482952e-08 
3.7838676081314304e-08 
3.7838587929606149e-08 
3.7838517430444085e-08 
3.7838461586225947e-08 
3.7838417066282659e-08 
3.7838381428123569e-08 
3.7838352895391836e-08 
3.7838330246842133e-08 
3.7838312483273739e-08 
3.7838298161396722e-08 
3.7838286837121871e-08 
3.7838278177382278e-08 
3.7838270960932618e-08 
3.783826518777289e-08 
3.7838260635858489e-08 
3.7838257305189416e-08 
3.7838254418609552e-08 
3.7838252198163502e-08 
3.783825031078436e-08 
3.7838249089539033e-08 
3.7838248090338311e-08 
3.7838246980115287e-08 
3.7838246536026077e-08 
3.7838245758869959e-08 
3.7838245758869959e-08 
3.7838245203758447e-08 
3.783824487069154e-08 
3.7838244759669237e-08 
3.7838244648646935e-08 
3.783824442660233e-08 
3.783824442660233e-08 
3.783824442660233e-08 
3.783824442660233e-08 
3.783824442660233e-08 
3.7838244315580027e-08 
3.7838244315580027e-08 
3.7838244315580027e-08 
3.7838244315580027e-08 
3.7838244315580027e-08 
3.7838244315580027e-08 
3.7838244315580027e-08 
3.7838244315580027e-08 
3.7838244315580027e-08 
3.7838244315580027e-08 
3.7838244315580027e-08 
3.7838244315580027e-08 
3.7838244315580027e-08 
3.7838244315580027e-08 
3.7838244315580027e-08 
3.7838244315580027e-08 
3.7838244315580027e-08 
3.7838244315580027e-08 
3.7838244315580027e-08 
3.7838244315580027e-08 
3.7838244315580027e-08 
3.7838244315580027e-08 
3.7838244315580027e-08 
3.7838244315580027e-08 
3.7838244315580027e-08 
3.7838244315580027e-08 
3.7838244315580027e-08 
3.7838244315580027e-08 
3.7838244315580027e-08 
3.7838244315580027e-08 
3.7838244315580027e-08 
3.7838244315580027e-08 
3.7838244315580027e-08 
3.7838244315580027e-08 
3.7838244315580027e-08 
3.7838244315580027e-08 
3.7838244315580027e-08 
3.7838244315580027e-08 
3.7838244315580027e-08 
3.7838244315580027e-08 
3.7838244315580027e-08 
3.7838244315580027e-08 
3.7838244315580027e-08 
3.7838244315580027e-08 
3.7838244315580027e-08 
3.7838244315580027e-08 
3.7838244315580027e-08 
3.7838244315580027e-08 
3.7838244315580027e-08 
3.7838244315580027e-08 
3.7838244315580027e-08 
3.7838244315580027e-08 
3.7838244315580027e-08 
3.7838244315580027e-08 
3.7838244315580027e-08 
3.7838244315580027e-08 
3.7838244315580027e-08 
3.7838244315580027e-08 
3.7838244315580027e-08 
3.7838244315580027e-08 
3.7838244315580027e-08 
3.7838244315580027e-08 
3.7838244315580027e-08 
3.7838244315580027e-08 
3.7838244315580027e-08 
3.7838244315580027e-08 
3.7838244315580027e-08 
3.7838244315580027e-08 
3.7838244315580027e-08 
3.7838244315580027e-08 
3.7838244315580027e-08 
3.7838244315580027e-08 
3.7838244315580027e-08 
3.7838244315580027e-08 
3.7838244315580027e-08 
3.7838244315580027e-08 
3.7838244315580027e-08 
3.7838244315580027e-08 
3.7838244315580027e-08 
3.7838244315580027e-08 
3.7838244315580027e-08 
3.7838244315580027e-08 
3.7838244315580027e-08 
3.7838244315580027e-08 
3.7838244315580027e-08 
3.7838244315580027e-08 
3.7838244315580027e-08 
3.7838244315580027e-08 
3.7838244315580027e-08 
3.7838244315580027e-08 
3.7838244315580027e-08 
3.7838244315580027e-08 
3.7838244315580027e-08 
3.7838244315580027e-08 
3.7838244315580027e-08 
3.7838244315580027e-08 
3.7838244315580027e-08 
3.7838244315580027e-08 
3.7838244315580027e-08 
3.7838244315580027e-08 
3.7838244315580027e-08 
3.7838244315580027e-08 
3.7838244315580027e-08 
3.7838244315580027e-08 
3.7838244315580027e-08 
3.7838244315580027e-08 
3.7838244315580027e-08 
3.7838244315580027e-08 
3.7838244315580027e-08 
3.7838244315580027e-08 
3.7838244315580027e-08 
3.7838244315580027e-08 
3.7838244315580027e-08 
3.7838244315580027e-08 
3.7838244315580027e-08 
3.7838244315580027e-08 
3.7838244315580027e-08 
3.7838244315580027e-08 
3.7838244315580027e-08 
3.7838244315580027e-08 
3.7838244315580027e-08 
3.7838244315580027e-08 
3.7838244315580027e-08 
3.7838244315580027e-08 
3.7838244315580027e-08 
3.7838244315580027e-08 
3.7838244315580027e-08 
3.7838244315580027e-08 
3.7838244315580027e-08 
3.7838244315580027e-08 
3.7838244315580027e-08 
3.7838244315580027e-08 
3.7838244315580027e-08 
3.7838244315580027e-08 
3.7838244315580027e-08 
3.7838244315580027e-08 
3.7838244315580027e-08 
3.7838244315580027e-08 
3.7838244315580027e-08 
3.7838244315580027e-08 
3.7838244315580027e-08 
3.7838244315580027e-08 
3.7838244315580027e-08 
3.7838244315580027e-08 
3.7838244315580027e-08 
3.7838244315580027e-08 
3.7838244315580027e-08 
3.7838244315580027e-08 
3.7838244315580027e-08 
3.7838244315580027e-08 
3.7838244315580027e-08 
3.7838244315580027e-08 
3.7838244315580027e-08 
3.7838244315580027e-08 
3.7838244315580027e-08 
3.7838244315580027e-08 
3.7838244315580027e-08 
3.7838244315580027e-08 
3.7838244315580027e-08 
3.7838244315580027e-08 
3.7838244315580027e-08 
3.7838244315580027e-08 
3.7838244315580027e-08 
3.7838244315580027e-08 
3.7838244315580027e-08 
3.7838244315580027e-08 
3.7838244315580027e-08 
3.7838244315580027e-08 
3.7838244315580027e-08 
3.7838244315580027e-08 
3.7838244315580027e-08 
3.7838244315580027e-08 
3.7838244315580027e-08 
3.7838244315580027e-08 
3.7838244315580027e-08 
3.7838244315580027e-08 
3.7838244315580027e-08 
3.7838244315580027e-08 
3.7838244315580027e-08 
3.7838244315580027e-08 
3.7838244315580027e-08 
3.7838244315580027e-08 
3.7838244315580027e-08 
3.7838244315580027e-08 
3.7838244315580027e-08 
3.7838244315580027e-08 
3.7838244315580027e-08 
3.7838244315580027e-08 
3.7838244315580027e-08 
3.7838244315580027e-08 
3.7838244315580027e-08 
3.7838244315580027e-08 
3.7838244315580027e-08 
3.7838244315580027e-08 
3.7838244315580027e-08 
3.7838244315580027e-08 
3.7838244315580027e-08 
3.7838244315580027e-08 
3.7838244315580027e-08 
3.7838244315580027e-08 
3.7838244315580027e-08 
3.7838244315580027e-08 
3.7838244315580027e-08 
3.7838244315580027e-08 
3.7838244315580027e-08 
3.7838244315580027e-08 
3.7838244315580027e-08 
3.7838244315580027e-08 
3.7838244315580027e-08 
3.7838244315580027e-08 
3.7838244315580027e-08 
3.7838244315580027e-08 
3.7838244315580027e-08 
3.7838244315580027e-08 
3.7838244315580027e-08 
3.7838244315580027e-08 
3.7838244315580027e-08 
3.7838244315580027e-08 
3.7838244315580027e-08 
3.7838244315580027e-08 
3.7838244315580027e-08 
3.7838244315580027e-08 
3.7838244315580027e-08 
3.7838244315580027e-08 
3.7838244315580027e-08 
3.7838244315580027e-08 
3.7838244315580027e-08 
3.7838244315580027e-08 
3.7838244315580027e-08 
3.7838244315580027e-08 
3.7838244315580027e-08 
3.7838244315580027e-08 
3.7838244315580027e-08 
3.7838244315580027e-08 
3.7838244315580027e-08 
3.7838244315580027e-08 
3.7838244315580027e-08 
3.7838244315580027e-08 
3.7838244315580027e-08 
3.7838244315580027e-08 
3.7838244315580027e-08 
3.7838244315580027e-08 
3.7838244315580027e-08 
3.7838244315580027e-08 
3.7838244315580027e-08 
3.7838244315580027e-08 
3.7838244315580027e-08 
3.7838244315580027e-08 
3.7838244315580027e-08 
3.7838244315580027e-08 
3.7838244315580027e-08 
3.7838244315580027e-08 
3.7838244315580027e-08 
3.7838244315580027e-08 
3.7838244315580027e-08 
3.7838244315580027e-08 
3.7838244315580027e-08 
3.7838244315580027e-08 
3.7838244315580027e-08 
3.7838244315580027e-08 
3.7838244315580027e-08 
3.7838244315580027e-08 
3.7838244315580027e-08 
3.7838244315580027e-08 
3.7838244315580027e-08 
3.7838244315580027e-08 
3.7838244315580027e-08 
3.7838244315580027e-08 
3.7838244315580027e-08 
3.7838244315580027e-08 
3.7838244315580027e-08 
3.7838244315580027e-08 
3.7838244315580027e-08 
3.7838244315580027e-08 
3.7838244315580027e-08 
3.7838244315580027e-08 
3.7838244315580027e-08 
3.7838244315580027e-08 
3.7838244315580027e-08 
3.7838244315580027e-08 
3.7838244315580027e-08 
3.7838244315580027e-08 
3.7838244315580027e-08 
3.7838244315580027e-08 
3.7838244315580027e-08 
3.7838244315580027e-08 
3.7838244315580027e-08 
3.7838244315580027e-08 
3.7838244315580027e-08 
3.7838244315580027e-08 
3.7838244315580027e-08 
3.7838244315580027e-08 
3.7838244315580027e-08 
3.7838244315580027e-08 
3.7838244315580027e-08 
3.7838244315580027e-08 
3.7838244315580027e-08 
3.7838244315580027e-08 
3.7838244315580027e-08 
3.7838244315580027e-08 
3.7838244315580027e-08 
3.7838244315580027e-08 
3.7838244315580027e-08 
3.7838244315580027e-08 
3.7838244315580027e-08 
3.7838244315580027e-08 
3.7838244315580027e-08 
3.7838244315580027e-08 
3.7838244315580027e-08 
3.7838244315580027e-08 
3.7838244315580027e-08 
3.7838244315580027e-08 
3.7838244315580027e-08 
3.7838244315580027e-08 
3.7838244315580027e-08 
3.7838244315580027e-08 
3.7838244315580027e-08 
3.7838244315580027e-08 
3.7838244315580027e-08 
3.7838244315580027e-08 
3.7838244315580027e-08 
3.7838244315580027e-08 
3.7838244315580027e-08 
3.7838244315580027e-08 
3.7838244315580027e-08 
3.7838244315580027e-08 
3.7838244315580027e-08 
3.7838244315580027e-08 
3.7838244315580027e-08 
3.7838244315580027e-08 
3.7838244315580027e-08 
3.7838244315580027e-08 
3.7838244315580027e-08 
3.7838244315580027e-08 
3.7838244315580027e-08 
3.7838244315580027e-08 
3.7838244315580027e-08 
3.7838244315580027e-08 
3.7838244315580027e-08 
3.7838244315580027e-08 
3.7838244315580027e-08 
3.7838244315580027e-08 
3.7838244315580027e-08 
3.7838244315580027e-08 
3.7838244315580027e-08 
3.7838244315580027e-08 
3.7838244315580027e-08 
3.7838244315580027e-08 
3.7838244315580027e-08 
3.7838244315580027e-08 
3.7838244315580027e-08 
3.7838244315580027e-08 
3.7838244315580027e-08 
3.7838244315580027e-08 
3.7838244315580027e-08 
3.7838244315580027e-08 
3.7838244315580027e-08 
3.7838244315580027e-08 
3.7838244315580027e-08 
3.7838244315580027e-08 
3.7838244315580027e-08 
3.7838244315580027e-08 
3.7838244315580027e-08 
3.7838244315580027e-08 
3.7838244315580027e-08 
3.7838244315580027e-08 
3.7838244315580027e-08 
3.7838244315580027e-08 
3.7838244315580027e-08 
3.7838244315580027e-08 
3.7838244315580027e-08 
3.7838244315580027e-08 
3.7838244315580027e-08 
3.7838244315580027e-08 
3.7838244315580027e-08 
3.7838244315580027e-08 
3.7838244315580027e-08 
3.7838244315580027e-08 
3.7838244315580027e-08 
3.7838244315580027e-08 
3.7838244315580027e-08 
3.7838244315580027e-08 
3.7838244315580027e-08 
3.7838244315580027e-08 
3.7838244315580027e-08 
3.7838244315580027e-08 
3.7838244315580027e-08 
3.7838244315580027e-08 
3.7838244315580027e-08 
3.7838244315580027e-08 
3.7838244315580027e-08 
3.7838244315580027e-08 
3.7838244315580027e-08 
3.7838244315580027e-08 
3.7838244315580027e-08 
3.7838244315580027e-08 
3.7838244315580027e-08 
3.7838244315580027e-08 
3.7838244315580027e-08 
3.7838244315580027e-08 
3.7838244315580027e-08 
3.7838244315580027e-08 
3.7838244315580027e-08 
3.7838244315580027e-08 
3.7838244315580027e-08 
3.7838244315580027e-08 
3.7838244315580027e-08 
3.7838244315580027e-08 
3.7838244315580027e-08 
3.7838244315580027e-08 
3.7838244315580027e-08 
3.7838244315580027e-08 
3.7838244315580027e-08 
3.7838244315580027e-08 
3.7838244315580027e-08 
3.7838244315580027e-08 
3.7838244315580027e-08 
3.7838244315580027e-08 
3.7838244315580027e-08 
3.7838244315580027e-08 
3.7838244315580027e-08 
3.7838244315580027e-08 
3.7838244315580027e-08 
3.7838244315580027e-08 
3.7838244315580027e-08 
3.7838244315580027e-08 
3.7838244315580027e-08 
3.7838244315580027e-08 
3.7838244315580027e-08 
3.7838244315580027e-08 
3.7838244315580027e-08 
3.7838244315580027e-08 
3.7838244315580027e-08 
3.7838244315580027e-08 
3.7838244315580027e-08 
3.7838244315580027e-08 
3.7838244315580027e-08 
3.7838244315580027e-08 
3.7838244315580027e-08 
3.7838244315580027e-08 
3.7838244315580027e-08 
3.7838244315580027e-08 
3.7838244315580027e-08 
3.7838244315580027e-08 
3.7838244315580027e-08 
3.7838244315580027e-08 
3.7838244315580027e-08 
3.7838244315580027e-08 
3.7838244315580027e-08 
3.7838244315580027e-08 
3.7838244315580027e-08 
3.7838244315580027e-08 
3.7838244315580027e-08 
3.7838244315580027e-08 
3.7838244315580027e-08 
3.7838244315580027e-08 
3.7838244315580027e-08 
3.7838244315580027e-08 
3.7838244315580027e-08 
3.7838244315580027e-08 
3.7838244315580027e-08 
3.7838244315580027e-08 
3.7838244315580027e-08 
3.7838244315580027e-08 
3.7838244315580027e-08 
3.7838244315580027e-08 
3.7838244315580027e-08 
3.7838244315580027e-08 
3.7838244315580027e-08 
3.7838244315580027e-08 
3.7838244315580027e-08 
3.7838244315580027e-08 
3.7838244315580027e-08 
3.7838244315580027e-08 
3.7838244315580027e-08 
3.7838244315580027e-08 
3.7838244315580027e-08 
3.7838244315580027e-08 
3.7838244315580027e-08 
3.7838244315580027e-08 
3.7838244315580027e-08 
3.7838244315580027e-08 
3.7838244315580027e-08 
3.7838244315580027e-08 
3.7838244315580027e-08 
3.7838244315580027e-08 
3.7838244315580027e-08 
3.7838244315580027e-08 
3.7838244315580027e-08 
3.7838244315580027e-08 
3.7838244315580027e-08 
3.7838244315580027e-08 
3.7838244315580027e-08 
3.7838244315580027e-08 
3.7838244315580027e-08 
3.7838244315580027e-08 
3.7838244315580027e-08 
3.7838244315580027e-08 
3.7838244315580027e-08 
3.7838244315580027e-08 
3.7838244315580027e-08 
3.7838244315580027e-08 
3.7838244315580027e-08 
3.7838244315580027e-08 
3.7838244315580027e-08 
3.7838244315580027e-08 
3.7838244315580027e-08 
3.7838244315580027e-08 
3.7838244315580027e-08 
3.7838244315580027e-08 
3.7838244315580027e-08 
3.7838244315580027e-08 
3.7838244315580027e-08 
3.7838244315580027e-08 
3.7838244315580027e-08 
3.7838244315580027e-08 
3.7838244315580027e-08 
3.7838244315580027e-08 
3.7838244315580027e-08 
3.7838244315580027e-08 
3.7838244315580027e-08 
3.7838244315580027e-08 
3.7838244315580027e-08 
3.7838244315580027e-08 
3.7838244315580027e-08 
3.7838244315580027e-08 
3.7838244315580027e-08 
3.7838244315580027e-08 
3.7838244315580027e-08 
3.7838244315580027e-08 
3.7838244315580027e-08 
3.7838244315580027e-08 
3.7838244315580027e-08 
3.7838244315580027e-08 
3.7838244315580027e-08 
3.7838244315580027e-08 
3.7838244315580027e-08 
3.7838244315580027e-08 
3.7838244315580027e-08 
3.7838244315580027e-08 
3.7838244315580027e-08 
3.7838244315580027e-08 
3.7838244315580027e-08 
3.7838244315580027e-08 
3.7838244315580027e-08 
3.7838244315580027e-08 
3.7838244315580027e-08 
3.7838244315580027e-08 
3.7838244315580027e-08 
3.7838244315580027e-08 
3.7838244315580027e-08 
3.7838244315580027e-08 
3.7838244315580027e-08 
3.7838244315580027e-08 
3.7838244315580027e-08 
3.7838244315580027e-08 
3.7838244315580027e-08 
3.7838244315580027e-08 
3.7838244315580027e-08 
3.7838244315580027e-08 
3.7838244315580027e-08 
3.7838244315580027e-08 
3.7838244315580027e-08 
3.7838244315580027e-08 
3.7838244315580027e-08 
3.7838244315580027e-08 
3.7838244315580027e-08 
3.7838244315580027e-08 
3.7838244315580027e-08 
3.7838244315580027e-08 
3.7838244315580027e-08 
3.7838244315580027e-08 
3.7838244315580027e-08 
3.7838244315580027e-08 
3.7838244315580027e-08 
3.7838244315580027e-08 
3.7838244315580027e-08 
3.7838244315580027e-08 
3.7838244315580027e-08 
3.7838244315580027e-08 
3.7838244315580027e-08 
3.7838244315580027e-08 
3.7838244315580027e-08 
3.7838244315580027e-08 
3.7838244315580027e-08 
3.7838244315580027e-08 
3.7838244315580027e-08 
3.7838244315580027e-08 
3.7838244315580027e-08 
3.7838244315580027e-08 
3.7838244315580027e-08 
3.7838244315580027e-08 
3.7838244315580027e-08 
3.7838244315580027e-08 
3.7838244315580027e-08 
3.7838244315580027e-08 
3.7838244315580027e-08 
3.7838244315580027e-08 
3.7838244315580027e-08 
3.7838244315580027e-08 
3.7838244315580027e-08 
3.7838244315580027e-08 
3.7838244315580027e-08 
3.7838244315580027e-08 
3.7838244315580027e-08 
3.7838244315580027e-08 
3.7838244315580027e-08 
3.7838244315580027e-08 
3.7838244315580027e-08 
3.7838244315580027e-08 
3.7838244315580027e-08 
3.7838244315580027e-08 
3.7838244315580027e-08 
3.7838244315580027e-08 
3.7838244315580027e-08 
3.7838244315580027e-08 
3.7838244315580027e-08 
3.7838244315580027e-08 
3.7838244315580027e-08 
3.7838244315580027e-08 
3.7838244315580027e-08 
3.7838244315580027e-08 
3.7838244315580027e-08 
3.7838244315580027e-08 
3.7838244315580027e-08 
3.7838244315580027e-08 
3.7838244315580027e-08 
3.7838244315580027e-08 
3.7838244315580027e-08 
3.7838244315580027e-08 
3.7838244315580027e-08 
3.7838244315580027e-08 
3.7838244315580027e-08 
3.7838244315580027e-08 
3.7838244315580027e-08 
3.7838244315580027e-08 
3.7838244315580027e-08 
3.7838244315580027e-08 
3.7838244315580027e-08 
3.7838244315580027e-08 
3.7838244315580027e-08 
3.7838244315580027e-08 
3.7838244315580027e-08 
3.7838244315580027e-08 
3.7838244315580027e-08 
3.7838244315580027e-08 
3.7838244315580027e-08 
3.7838244315580027e-08 
3.7838244315580027e-08 
3.7838244315580027e-08 
3.7838244315580027e-08 
3.7838244315580027e-08 
3.7838244315580027e-08 
3.7838244315580027e-08 
3.7838244315580027e-08 
3.7838244315580027e-08 
3.7838244315580027e-08 
3.7838244315580027e-08 
3.7838244315580027e-08 
3.7838244315580027e-08 
3.7838244315580027e-08 
3.7838244315580027e-08 
3.7838244315580027e-08 
3.7838244315580027e-08 
3.7838244315580027e-08 
3.7838244315580027e-08 
3.7838244315580027e-08 
3.7838244315580027e-08 
3.7838244315580027e-08 
3.7838244315580027e-08 
3.7838244315580027e-08 
3.7838244315580027e-08 
3.7838244315580027e-08 
3.7838244315580027e-08 
3.7838244315580027e-08 
3.7838244315580027e-08 
3.7838244315580027e-08 
3.7838244315580027e-08 
3.7838244315580027e-08 
3.7838244315580027e-08 
3.7838244315580027e-08 
3.7838244315580027e-08 
3.7838244315580027e-08 
3.7838244315580027e-08 
3.7838244315580027e-08 
3.7838244315580027e-08 
3.7838244315580027e-08 
3.7838244315580027e-08 
3.7838244315580027e-08 
3.7838244315580027e-08 
3.7838244315580027e-08 
3.7838244315580027e-08 
3.7838244315580027e-08 
3.7838244315580027e-08 
3.7838244315580027e-08 
3.7838244315580027e-08 
3.7838244315580027e-08 
3.7838244315580027e-08 
3.7838244315580027e-08 
3.7838244315580027e-08 
3.7838244315580027e-08 
3.7838244315580027e-08 
3.7838244315580027e-08 
3.7838244315580027e-08 
3.7838244315580027e-08 
3.7838244315580027e-08 
3.7838244315580027e-08 
3.7838244315580027e-08 
3.7838244315580027e-08 
3.7838244315580027e-08 
3.7838244315580027e-08 
3.7838244315580027e-08 
3.7838244315580027e-08 
3.7838244315580027e-08 
3.7838244315580027e-08 
3.7838244315580027e-08 
3.7838244315580027e-08 
3.7838244315580027e-08 
3.7838244315580027e-08 
3.7838244315580027e-08 
3.7838244315580027e-08 
3.7838244315580027e-08 
3.7838244315580027e-08 
3.7838244315580027e-08 
3.7838244315580027e-08 
3.7838244315580027e-08 
3.7838244315580027e-08 
3.7838244315580027e-08 
3.7838244315580027e-08 
3.7838244315580027e-08 
3.7838244315580027e-08 
3.7838244315580027e-08 
3.7838244315580027e-08 
3.7838244315580027e-08 
3.7838244315580027e-08 
3.7838244315580027e-08 
3.7838244315580027e-08 
3.7838244315580027e-08 
3.7838244315580027e-08 
3.7838244315580027e-08 
3.7838244315580027e-08 
3.7838244315580027e-08 
3.7838244315580027e-08 
3.7838244315580027e-08 
3.7838244315580027e-08 
3.7838244315580027e-08 
3.7838244315580027e-08 
3.7838244315580027e-08 
3.7838244315580027e-08 
3.7838244315580027e-08 
3.7838244315580027e-08 
3.7838244315580027e-08 
3.7838244315580027e-08 
3.7838244315580027e-08 
3.7838244315580027e-08 
3.7838244315580027e-08 
3.7838244315580027e-08 
3.7838244315580027e-08 
3.7838244315580027e-08 
3.7838244315580027e-08 
3.7838244315580027e-08 
3.7838244315580027e-08 
3.7838244315580027e-08 
3.7838244315580027e-08 
