0.22808527157401715 
0.22808527157401715 
0.22808527157401715 
0.22808527157401715 
0.22808527157401715 
0.22808527157401715 
0.22808527157401715 
0.22808527157401715 
0.22808527157401715 
0.22808527157401715 
0.20533891167132645 
0.1687540542882372 
0.10862278302522288 
0.067436985169651353 
0.041088956480306971 
0.026105911671517767 
0.019635577495386469 
0.016832219135432536 
0.016832219135432536 
0.0064365874100769105 
0.0038050554624748933 
0.0038050554624748933 
0.0038050554624748933 
0.0038050554624748933 
0.0038050554624748933 
0.0038050554624748933 
0.0038050554624748933 
0.0038050554624748933 
0.0037385041480133552 
0.0037385041480133552 
0.0037385041480133552 
0.0037385041480133552 
0.003463997622569881 
0.0026740665831773702 
0.0021798736381061223 
0.0021798736381061223 
0.0021798736381061223 
0.0021250139613648855 
0.0020104491155266135 
0.0020104491155266135 
0.0020104491155266135 
0.0015575543097956501 
0.0015575543097956501 
0.0015575543097956501 
0.0015575543097956501 
0.0015575543097956501 
0.0014820644800064287 
0.0010612181432942958 
0.0010073102129573019 
0.00087033969309791015 
0.00060427947092966949 
0.00043818771033454773 
0.00034390025568808991 
0.00030037282511452545 
0.00018966981298595975 
7.6676432819500207e-05 
2.0213937913737823e-05 
2.9692993508412258e-06 
2.9692993508412258e-06 
2.9692993508412258e-06 
2.9692993508412258e-06 
2.9692993508412258e-06 
2.9692993508412258e-06 
2.9692993508412258e-06 
2.9692993508412258e-06 
2.9692993508412258e-06 
2.9692993508412258e-06 
2.9692993508412258e-06 
2.9692993508412258e-06 
2.9692993508412258e-06 
2.9692993508412258e-06 
2.9692993508412258e-06 
2.9692993508412258e-06 
2.9692993508412258e-06 
2.9692993508412258e-06 
2.9692993508412258e-06 
2.9692993508412258e-06 
2.9692993508412258e-06 
2.9692993508412258e-06 
2.9692993508412258e-06 
2.9692993508412258e-06 
2.9692993508412258e-06 
2.9692993508412258e-06 
2.4159991992567242e-06 
2.0323552641920983e-06 
1.8550949016926666e-06 
1.814644212116967e-06 
1.6993764266892697e-06 
1.2321031702677843e-06 
8.9428514327138942e-07 
6.5074048716251554e-07 
4.7571124683898347e-07 
3.503694254725076e-07 
2.6097582583872736e-07 
1.9752260549399381e-07 
1.5273381137603792e-07 
1.2133049032136967e-07 
9.9491099581072717e-08 
8.4455878068823154e-08 
7.4237203606664082e-08 
6.7407864734470024e-08 
6.2946536094621308e-08 
6.0125189826898406e-08 
5.8427204185917958e-08 
5.7487915872123097e-08 
5.7051545598874043e-08 
5.6940057446830394e-08 
5.6940057446830394e-08 
5.6940057446830394e-08 
5.6940057446830394e-08 
4.4542411758996536e-08 
3.5414005727929521e-08 
2.8761448445102644e-08 
2.3898616863249345e-08 
2.0331413552732158e-08 
1.7703898902432513e-08 
1.5759503479984005e-08 
1.4313112361996616e-08 
1.3223538930517975e-08 
9.2098294546261172e-09 
6.3989032961231374e-09 
4.4343400062984983e-09 
3.0643574344679791e-09 
2.1113485404455901e-09 
1.4502158363072226e-09 
9.9298402833625232e-10 
6.7788485935693643e-10 
4.6162429434559726e-10 
3.1391267363289899e-10 
2.1360091473354714e-10 
1.4595225028557479e-10 
1.0072354061918531e-10 
7.0811800867431884e-11 
5.1307624815422059e-11 
3.8827718817913137e-11 
3.1050051418901603e-11 
2.6387114715475946e-11 
2.3760882150725138e-11 
2.2442381286680302e-11 
2.1943225014808831e-11 
2.1940116390339881e-11 
2.1940116390339881e-11 
2.1940116390339881e-11 
2.1940116390339881e-11 
2.1940116390339881e-11 
2.1940116390339881e-11 
2.1940116390339881e-11 
2.1940116390339881e-11 
1.7983059485970898e-11 
1.1288969758993517e-11 
6.9945160774409487e-12 
4.2890135887319047e-12 
2.6271207431705079e-12 
1.6431300764452317e-12 
1.0937917238607042e-12 
8.1890050296351546e-13 
7.1220807029703792e-13 
3.7347902548390266e-13 
2.7777780076121417e-13 
2.7777780076121417e-13 
2.7777780076121417e-13 
2.7777780076121417e-13 
2.7777780076121417e-13 
2.7777780076121417e-13 
2.7777780076121417e-13 
2.7777780076121417e-13 
2.7777780076121417e-13 
2.7777780076121417e-13 
2.7777780076121417e-13 
2.7777780076121417e-13 
2.7777780076121417e-13 
2.7777780076121417e-13 
2.7700064464397656e-13 
2.7700064464397656e-13 
2.6800783814451279e-13 
2.5435209494162336e-13 
2.4458213232492199e-13 
2.3803181647963356e-13 
2.333688797762079e-13 
2.3014923300479495e-13 
2.2759572004815709e-13 
2.2581936320875684e-13 
2.2426505097428162e-13 
2.233768725545815e-13 
2.2248869413488137e-13 
2.2204460492503131e-13 
2.2182256032010628e-13 
2.2115642650533118e-13 
2.2093438190040615e-13 
2.2082335959794364e-13 
2.1815882433884326e-13 
2.1527224447481785e-13 
2.1316282072803006e-13 
2.1149748619109232e-13 
2.1005419625907962e-13 
2.0927704014184201e-13 
2.0683454948766666e-13 
1.992850329202156e-13 
1.9406698470447736e-13 
1.9018120411828932e-13 
1.8762769116165146e-13 
1.858513343222512e-13 
1.8474111129762605e-13 
1.8285373215576328e-13 
1.7963408538435033e-13 
1.7719159473017498e-13 
1.7530421558831222e-13 
1.7419399256368706e-13 
1.7319479184152442e-13 
1.723066134218243e-13 
1.7175150190951172e-13 
1.7053025658242404e-13 
1.6986412276764895e-13 
1.6908696665041134e-13 
1.6864287744056128e-13 
1.680877659282487e-13 
1.6753265441593612e-13 
1.6742163211347361e-13 
1.6708856520608606e-13 
1.6675549829869851e-13 
1.6642243139131097e-13 
1.6631140908884845e-13 
1.6608936448392342e-13 
1.6586731987899839e-13 
1.6586731987899839e-13 
1.6553425297161084e-13 
1.6553425297161084e-13 
1.6553425297161084e-13 
1.6553425297161084e-13 
1.6553425297161084e-13 
1.6542323066914832e-13 
1.6542323066914832e-13 
1.6542323066914832e-13 
1.6542323066914832e-13 
1.6531220836668581e-13 
1.6531220836668581e-13 
1.6520118606422329e-13 
1.6520118606422329e-13 
1.6520118606422329e-13 
1.6520118606422329e-13 
1.6520118606422329e-13 
1.6520118606422329e-13 
1.6520118606422329e-13 
1.6509016376176078e-13 
1.6509016376176078e-13 
1.6509016376176078e-13 
1.6509016376176078e-13 
1.6509016376176078e-13 
1.6509016376176078e-13 
1.6509016376176078e-13 
1.6509016376176078e-13 
1.6509016376176078e-13 
1.6509016376176078e-13 
1.6509016376176078e-13 
1.6509016376176078e-13 
1.6509016376176078e-13 
1.6509016376176078e-13 
1.6509016376176078e-13 
1.6497914145929826e-13 
1.6497914145929826e-13 
1.6497914145929826e-13 
1.6497914145929826e-13 
1.6497914145929826e-13 
1.6497914145929826e-13 
1.6497914145929826e-13 
1.6497914145929826e-13 
1.6497914145929826e-13 
1.6497914145929826e-13 
1.6497914145929826e-13 
1.6497914145929826e-13 
1.6497914145929826e-13 
1.6497914145929826e-13 
1.6497914145929826e-13 
1.6497914145929826e-13 
1.6497914145929826e-13 
1.6497914145929826e-13 
1.6497914145929826e-13 
1.6497914145929826e-13 
1.6497914145929826e-13 
1.6497914145929826e-13 
1.6497914145929826e-13 
1.6497914145929826e-13 
1.6497914145929826e-13 
1.6497914145929826e-13 
1.6497914145929826e-13 
1.6497914145929826e-13 
1.6497914145929826e-13 
1.6497914145929826e-13 
1.6497914145929826e-13 
1.6497914145929826e-13 
1.6497914145929826e-13 
1.6497914145929826e-13 
1.6497914145929826e-13 
1.6497914145929826e-13 
1.6497914145929826e-13 
1.6497914145929826e-13 
1.6497914145929826e-13 
1.6497914145929826e-13 
1.6497914145929826e-13 
1.6497914145929826e-13 
1.6497914145929826e-13 
1.6497914145929826e-13 
1.6497914145929826e-13 
1.6497914145929826e-13 
1.6497914145929826e-13 
1.6497914145929826e-13 
1.6497914145929826e-13 
1.6497914145929826e-13 
1.6497914145929826e-13 
1.6497914145929826e-13 
1.6497914145929826e-13 
1.6497914145929826e-13 
1.6497914145929826e-13 
1.6497914145929826e-13 
1.6497914145929826e-13 
1.6497914145929826e-13 
1.6497914145929826e-13 
1.6497914145929826e-13 
1.6497914145929826e-13 
1.6497914145929826e-13 
1.6497914145929826e-13 
1.6497914145929826e-13 
1.6497914145929826e-13 
1.6497914145929826e-13 
1.6497914145929826e-13 
1.6497914145929826e-13 
1.6497914145929826e-13 
1.6497914145929826e-13 
1.6497914145929826e-13 
1.6497914145929826e-13 
1.6497914145929826e-13 
1.6497914145929826e-13 
1.6497914145929826e-13 
1.6497914145929826e-13 
1.6497914145929826e-13 
1.6497914145929826e-13 
1.6497914145929826e-13 
1.6497914145929826e-13 
1.6497914145929826e-13 
1.6497914145929826e-13 
1.6497914145929826e-13 
1.6497914145929826e-13 
1.6497914145929826e-13 
1.6497914145929826e-13 
1.6497914145929826e-13 
1.6497914145929826e-13 
1.6497914145929826e-13 
1.6497914145929826e-13 
1.6497914145929826e-13 
1.6497914145929826e-13 
1.6497914145929826e-13 
1.6497914145929826e-13 
1.6497914145929826e-13 
1.6497914145929826e-13 
1.6497914145929826e-13 
1.6497914145929826e-13 
1.6497914145929826e-13 
1.6497914145929826e-13 
1.6497914145929826e-13 
1.6497914145929826e-13 
1.6497914145929826e-13 
1.6497914145929826e-13 
1.6497914145929826e-13 
1.6497914145929826e-13 
1.6497914145929826e-13 
1.6497914145929826e-13 
1.6497914145929826e-13 
1.6497914145929826e-13 
1.6497914145929826e-13 
1.6497914145929826e-13 
1.6497914145929826e-13 
1.6497914145929826e-13 
1.6497914145929826e-13 
1.6497914145929826e-13 
1.6497914145929826e-13 
1.6497914145929826e-13 
1.6497914145929826e-13 
1.6497914145929826e-13 
1.6497914145929826e-13 
1.6497914145929826e-13 
1.6497914145929826e-13 
1.6497914145929826e-13 
1.6497914145929826e-13 
1.6497914145929826e-13 
1.6497914145929826e-13 
1.6497914145929826e-13 
1.6497914145929826e-13 
1.6497914145929826e-13 
1.6497914145929826e-13 
1.6497914145929826e-13 
1.6497914145929826e-13 
1.6497914145929826e-13 
1.6497914145929826e-13 
1.6497914145929826e-13 
1.6497914145929826e-13 
1.6497914145929826e-13 
1.6497914145929826e-13 
1.6497914145929826e-13 
1.6497914145929826e-13 
1.6497914145929826e-13 
1.6497914145929826e-13 
1.6497914145929826e-13 
1.6497914145929826e-13 
1.6497914145929826e-13 
1.6497914145929826e-13 
1.6497914145929826e-13 
1.6497914145929826e-13 
1.6497914145929826e-13 
1.6497914145929826e-13 
1.6497914145929826e-13 
1.6497914145929826e-13 
1.6497914145929826e-13 
1.6497914145929826e-13 
1.6497914145929826e-13 
1.6497914145929826e-13 
1.6497914145929826e-13 
1.6497914145929826e-13 
1.6497914145929826e-13 
1.6497914145929826e-13 
1.6497914145929826e-13 
1.6497914145929826e-13 
1.6497914145929826e-13 
1.6497914145929826e-13 
1.6497914145929826e-13 
1.6497914145929826e-13 
1.6497914145929826e-13 
1.6497914145929826e-13 
1.6497914145929826e-13 
1.6497914145929826e-13 
1.6497914145929826e-13 
1.6497914145929826e-13 
1.6497914145929826e-13 
1.6497914145929826e-13 
1.6497914145929826e-13 
1.6497914145929826e-13 
1.6497914145929826e-13 
1.6497914145929826e-13 
1.6497914145929826e-13 
1.6497914145929826e-13 
1.6497914145929826e-13 
1.6497914145929826e-13 
1.6497914145929826e-13 
1.6497914145929826e-13 
1.6497914145929826e-13 
1.6497914145929826e-13 
1.6497914145929826e-13 
1.6497914145929826e-13 
1.6497914145929826e-13 
1.6497914145929826e-13 
1.6497914145929826e-13 
1.6497914145929826e-13 
1.6497914145929826e-13 
1.6497914145929826e-13 
1.6497914145929826e-13 
1.6497914145929826e-13 
1.6497914145929826e-13 
1.6497914145929826e-13 
1.6497914145929826e-13 
1.6497914145929826e-13 
1.6497914145929826e-13 
1.6497914145929826e-13 
1.6497914145929826e-13 
1.6497914145929826e-13 
1.6497914145929826e-13 
1.6497914145929826e-13 
1.6497914145929826e-13 
1.6497914145929826e-13 
1.6497914145929826e-13 
1.6497914145929826e-13 
1.6497914145929826e-13 
1.6497914145929826e-13 
1.6497914145929826e-13 
1.6497914145929826e-13 
1.6497914145929826e-13 
1.6497914145929826e-13 
1.6497914145929826e-13 
1.6497914145929826e-13 
1.6497914145929826e-13 
1.6497914145929826e-13 
1.6497914145929826e-13 
1.6497914145929826e-13 
1.6497914145929826e-13 
1.6497914145929826e-13 
1.6497914145929826e-13 
1.6497914145929826e-13 
1.6497914145929826e-13 
1.6497914145929826e-13 
1.6497914145929826e-13 
1.6497914145929826e-13 
1.6497914145929826e-13 
1.6497914145929826e-13 
1.6497914145929826e-13 
1.6497914145929826e-13 
1.6497914145929826e-13 
1.6497914145929826e-13 
1.6497914145929826e-13 
1.6497914145929826e-13 
1.6497914145929826e-13 
1.6497914145929826e-13 
1.6497914145929826e-13 
1.6497914145929826e-13 
1.6497914145929826e-13 
1.6497914145929826e-13 
1.6497914145929826e-13 
1.6497914145929826e-13 
1.6497914145929826e-13 
1.6497914145929826e-13 
1.6497914145929826e-13 
1.6497914145929826e-13 
1.6497914145929826e-13 
1.6497914145929826e-13 
1.6497914145929826e-13 
1.6497914145929826e-13 
1.6497914145929826e-13 
1.6497914145929826e-13 
1.6497914145929826e-13 
1.6497914145929826e-13 
1.6497914145929826e-13 
1.6497914145929826e-13 
1.6497914145929826e-13 
1.6497914145929826e-13 
1.6497914145929826e-13 
1.6497914145929826e-13 
1.6497914145929826e-13 
1.6497914145929826e-13 
1.6497914145929826e-13 
1.6497914145929826e-13 
1.6497914145929826e-13 
1.6497914145929826e-13 
1.6497914145929826e-13 
1.6497914145929826e-13 
1.6497914145929826e-13 
1.6497914145929826e-13 
1.6497914145929826e-13 
1.6497914145929826e-13 
1.6497914145929826e-13 
1.6497914145929826e-13 
1.6497914145929826e-13 
1.6497914145929826e-13 
1.6497914145929826e-13 
1.6497914145929826e-13 
1.6497914145929826e-13 
1.6497914145929826e-13 
1.6497914145929826e-13 
1.6497914145929826e-13 
1.6497914145929826e-13 
1.6497914145929826e-13 
1.6497914145929826e-13 
1.6497914145929826e-13 
1.6497914145929826e-13 
1.6497914145929826e-13 
1.6497914145929826e-13 
1.6497914145929826e-13 
1.6497914145929826e-13 
1.6497914145929826e-13 
1.6497914145929826e-13 
1.6497914145929826e-13 
1.6497914145929826e-13 
1.6497914145929826e-13 
1.6497914145929826e-13 
1.6497914145929826e-13 
1.6497914145929826e-13 
1.6497914145929826e-13 
1.6497914145929826e-13 
1.6497914145929826e-13 
1.6497914145929826e-13 
1.6497914145929826e-13 
1.6497914145929826e-13 
1.6497914145929826e-13 
1.6497914145929826e-13 
1.6497914145929826e-13 
1.6497914145929826e-13 
1.6497914145929826e-13 
1.6497914145929826e-13 
1.6497914145929826e-13 
1.6497914145929826e-13 
1.6497914145929826e-13 
1.6497914145929826e-13 
1.6497914145929826e-13 
1.6497914145929826e-13 
1.6497914145929826e-13 
1.6497914145929826e-13 
1.6497914145929826e-13 
1.6497914145929826e-13 
1.6497914145929826e-13 
1.6497914145929826e-13 
1.6497914145929826e-13 
1.6497914145929826e-13 
1.6497914145929826e-13 
1.6497914145929826e-13 
1.6497914145929826e-13 
1.6497914145929826e-13 
1.6497914145929826e-13 
1.6497914145929826e-13 
1.6497914145929826e-13 
1.6497914145929826e-13 
1.6497914145929826e-13 
1.6497914145929826e-13 
1.6497914145929826e-13 
1.6497914145929826e-13 
1.6497914145929826e-13 
1.6497914145929826e-13 
1.6497914145929826e-13 
1.6497914145929826e-13 
1.6497914145929826e-13 
1.6497914145929826e-13 
1.6497914145929826e-13 
1.6497914145929826e-13 
1.6497914145929826e-13 
1.6497914145929826e-13 
1.6497914145929826e-13 
1.6497914145929826e-13 
1.6497914145929826e-13 
1.6497914145929826e-13 
1.6497914145929826e-13 
1.6497914145929826e-13 
1.6497914145929826e-13 
1.6497914145929826e-13 
1.6497914145929826e-13 
1.6497914145929826e-13 
1.6497914145929826e-13 
1.6497914145929826e-13 
1.6497914145929826e-13 
1.6497914145929826e-13 
1.6497914145929826e-13 
1.6497914145929826e-13 
1.6497914145929826e-13 
1.6497914145929826e-13 
1.6497914145929826e-13 
1.6497914145929826e-13 
1.6497914145929826e-13 
1.6497914145929826e-13 
1.6497914145929826e-13 
1.6497914145929826e-13 
1.6497914145929826e-13 
1.6497914145929826e-13 
1.6497914145929826e-13 
1.6497914145929826e-13 
1.6497914145929826e-13 
1.6497914145929826e-13 
1.6497914145929826e-13 
1.6497914145929826e-13 
1.6497914145929826e-13 
1.6497914145929826e-13 
1.6497914145929826e-13 
1.6497914145929826e-13 
1.6497914145929826e-13 
1.6497914145929826e-13 
1.6497914145929826e-13 
1.6497914145929826e-13 
1.6497914145929826e-13 
1.6497914145929826e-13 
1.6497914145929826e-13 
1.6497914145929826e-13 
1.6497914145929826e-13 
1.6497914145929826e-13 
1.6497914145929826e-13 
1.6497914145929826e-13 
1.6497914145929826e-13 
1.6497914145929826e-13 
1.6497914145929826e-13 
1.6497914145929826e-13 
1.6497914145929826e-13 
1.6497914145929826e-13 
1.6497914145929826e-13 
1.6497914145929826e-13 
1.6497914145929826e-13 
1.6497914145929826e-13 
1.6497914145929826e-13 
1.6497914145929826e-13 
1.6497914145929826e-13 
1.6497914145929826e-13 
1.6497914145929826e-13 
1.6497914145929826e-13 
1.6497914145929826e-13 
1.6497914145929826e-13 
1.6497914145929826e-13 
1.6497914145929826e-13 
1.6497914145929826e-13 
1.6497914145929826e-13 
1.6497914145929826e-13 
1.6497914145929826e-13 
1.6497914145929826e-13 
1.6497914145929826e-13 
1.6497914145929826e-13 
1.6497914145929826e-13 
1.6497914145929826e-13 
1.6497914145929826e-13 
1.6497914145929826e-13 
1.6497914145929826e-13 
1.6497914145929826e-13 
1.6497914145929826e-13 
1.6497914145929826e-13 
1.6497914145929826e-13 
1.6497914145929826e-13 
1.6497914145929826e-13 
1.6497914145929826e-13 
1.6497914145929826e-13 
1.6497914145929826e-13 
1.6497914145929826e-13 
1.6497914145929826e-13 
1.6497914145929826e-13 
1.6497914145929826e-13 
1.6497914145929826e-13 
1.6497914145929826e-13 
1.6497914145929826e-13 
1.6497914145929826e-13 
1.6497914145929826e-13 
1.6497914145929826e-13 
1.6497914145929826e-13 
1.6497914145929826e-13 
1.6497914145929826e-13 
1.6497914145929826e-13 
1.6497914145929826e-13 
1.6497914145929826e-13 
1.6497914145929826e-13 
1.6497914145929826e-13 
1.6497914145929826e-13 
1.6497914145929826e-13 
1.6497914145929826e-13 
1.6497914145929826e-13 
1.6497914145929826e-13 
1.6497914145929826e-13 
1.6497914145929826e-13 
1.6497914145929826e-13 
1.6497914145929826e-13 
1.6497914145929826e-13 
1.6497914145929826e-13 
1.6497914145929826e-13 
1.6497914145929826e-13 
1.6497914145929826e-13 
1.6497914145929826e-13 
1.6497914145929826e-13 
1.6497914145929826e-13 
1.6497914145929826e-13 
1.6497914145929826e-13 
1.6497914145929826e-13 
1.6497914145929826e-13 
1.6497914145929826e-13 
1.6497914145929826e-13 
1.6497914145929826e-13 
1.6497914145929826e-13 
1.6497914145929826e-13 
1.6497914145929826e-13 
1.6497914145929826e-13 
1.6497914145929826e-13 
1.6497914145929826e-13 
1.6497914145929826e-13 
1.6497914145929826e-13 
1.6497914145929826e-13 
1.6497914145929826e-13 
1.6497914145929826e-13 
1.6497914145929826e-13 
1.6497914145929826e-13 
1.6497914145929826e-13 
1.6497914145929826e-13 
1.6497914145929826e-13 
1.6497914145929826e-13 
1.6497914145929826e-13 
1.6497914145929826e-13 
1.6497914145929826e-13 
1.6497914145929826e-13 
1.6497914145929826e-13 
1.6497914145929826e-13 
1.6497914145929826e-13 
1.6497914145929826e-13 
1.6497914145929826e-13 
1.6497914145929826e-13 
1.6497914145929826e-13 
1.6497914145929826e-13 
1.6497914145929826e-13 
1.6497914145929826e-13 
1.6497914145929826e-13 
1.6497914145929826e-13 
1.6497914145929826e-13 
1.6497914145929826e-13 
1.6497914145929826e-13 
1.6497914145929826e-13 
1.6497914145929826e-13 
1.6497914145929826e-13 
1.6497914145929826e-13 
1.6497914145929826e-13 
1.6497914145929826e-13 
1.6497914145929826e-13 
1.6497914145929826e-13 
1.6497914145929826e-13 
1.6497914145929826e-13 
1.6497914145929826e-13 
1.6497914145929826e-13 
1.6497914145929826e-13 
1.6497914145929826e-13 
1.6497914145929826e-13 
1.6497914145929826e-13 
1.6497914145929826e-13 
1.6497914145929826e-13 
1.6497914145929826e-13 
1.6497914145929826e-13 
1.6497914145929826e-13 
1.6497914145929826e-13 
1.6497914145929826e-13 
1.6497914145929826e-13 
1.6497914145929826e-13 
1.6497914145929826e-13 
1.6497914145929826e-13 
1.6497914145929826e-13 
1.6497914145929826e-13 
1.6497914145929826e-13 
1.6497914145929826e-13 
1.6497914145929826e-13 
1.6497914145929826e-13 
1.6497914145929826e-13 
1.6497914145929826e-13 
1.6497914145929826e-13 
1.6497914145929826e-13 
1.6497914145929826e-13 
1.6497914145929826e-13 
1.6497914145929826e-13 
1.6497914145929826e-13 
1.6497914145929826e-13 
1.6497914145929826e-13 
1.6497914145929826e-13 
1.6497914145929826e-13 
1.6497914145929826e-13 
1.6497914145929826e-13 
1.6497914145929826e-13 
1.6497914145929826e-13 
1.6497914145929826e-13 
1.6497914145929826e-13 
1.6497914145929826e-13 
1.6497914145929826e-13 
1.6497914145929826e-13 
1.6497914145929826e-13 
1.6497914145929826e-13 
1.6497914145929826e-13 
1.6497914145929826e-13 
1.6497914145929826e-13 
1.6497914145929826e-13 
1.6497914145929826e-13 
1.6497914145929826e-13 
1.6497914145929826e-13 
1.6497914145929826e-13 
1.6497914145929826e-13 
1.6497914145929826e-13 
1.6497914145929826e-13 
1.6497914145929826e-13 
1.6497914145929826e-13 
1.6497914145929826e-13 
1.6497914145929826e-13 
1.6497914145929826e-13 
1.6497914145929826e-13 
1.6497914145929826e-13 
1.6497914145929826e-13 
1.6497914145929826e-13 
1.6497914145929826e-13 
1.6497914145929826e-13 
1.6497914145929826e-13 
1.6497914145929826e-13 
1.6497914145929826e-13 
1.6497914145929826e-13 
1.6497914145929826e-13 
1.6497914145929826e-13 
1.6497914145929826e-13 
1.6497914145929826e-13 
1.6497914145929826e-13 
1.6497914145929826e-13 
1.6497914145929826e-13 
1.6497914145929826e-13 
1.6497914145929826e-13 
1.6497914145929826e-13 
1.6497914145929826e-13 
1.6497914145929826e-13 
1.6497914145929826e-13 
1.6497914145929826e-13 
1.6497914145929826e-13 
1.6497914145929826e-13 
1.6497914145929826e-13 
1.6497914145929826e-13 
1.6497914145929826e-13 
1.6497914145929826e-13 
1.6497914145929826e-13 
1.6497914145929826e-13 
1.6497914145929826e-13 
1.6497914145929826e-13 
1.6497914145929826e-13 
1.6497914145929826e-13 
1.6497914145929826e-13 
1.6497914145929826e-13 
1.6497914145929826e-13 
1.6497914145929826e-13 
1.6497914145929826e-13 
1.6497914145929826e-13 
1.6497914145929826e-13 
1.6497914145929826e-13 
1.6497914145929826e-13 
1.6497914145929826e-13 
1.6497914145929826e-13 
1.6497914145929826e-13 
1.6497914145929826e-13 
1.6497914145929826e-13 
1.6497914145929826e-13 
1.6497914145929826e-13 
1.6497914145929826e-13 
1.6497914145929826e-13 
1.6497914145929826e-13 
1.6497914145929826e-13 
1.6497914145929826e-13 
1.6497914145929826e-13 
1.6497914145929826e-13 
1.6497914145929826e-13 
1.6497914145929826e-13 
1.6497914145929826e-13 
1.6497914145929826e-13 
1.6497914145929826e-13 
1.6497914145929826e-13 
1.6497914145929826e-13 
1.6497914145929826e-13 
1.6497914145929826e-13 
1.6497914145929826e-13 
1.6497914145929826e-13 
1.6497914145929826e-13 
1.6497914145929826e-13 
1.6497914145929826e-13 
1.6497914145929826e-13 
1.6497914145929826e-13 
1.6497914145929826e-13 
1.6497914145929826e-13 
1.6497914145929826e-13 
1.6497914145929826e-13 
1.6497914145929826e-13 
1.6497914145929826e-13 
1.6497914145929826e-13 
1.6497914145929826e-13 
1.6497914145929826e-13 
1.6497914145929826e-13 
1.6497914145929826e-13 
1.6497914145929826e-13 
1.6497914145929826e-13 
1.6497914145929826e-13 
1.6497914145929826e-13 
1.6497914145929826e-13 
1.6497914145929826e-13 
1.6497914145929826e-13 
1.6497914145929826e-13 
1.6497914145929826e-13 
1.6497914145929826e-13 
1.6497914145929826e-13 
1.6497914145929826e-13 
1.6497914145929826e-13 
1.6497914145929826e-13 
1.6497914145929826e-13 
1.6497914145929826e-13 
1.6497914145929826e-13 
1.6497914145929826e-13 
1.6497914145929826e-13 
1.6497914145929826e-13 
1.6497914145929826e-13 
1.6497914145929826e-13 
1.6497914145929826e-13 
1.6497914145929826e-13 
1.6497914145929826e-13 
1.6497914145929826e-13 
1.6497914145929826e-13 
1.6497914145929826e-13 
1.6497914145929826e-13 
1.6497914145929826e-13 
1.6497914145929826e-13 
1.6497914145929826e-13 
1.6497914145929826e-13 
1.6497914145929826e-13 
1.6497914145929826e-13 
1.6497914145929826e-13 
1.6497914145929826e-13 
1.6497914145929826e-13 
1.6497914145929826e-13 
1.6497914145929826e-13 
1.6497914145929826e-13 
1.6497914145929826e-13 
1.6497914145929826e-13 
1.6497914145929826e-13 
1.6497914145929826e-13 
1.6497914145929826e-13 
1.6497914145929826e-13 
1.6497914145929826e-13 
1.6497914145929826e-13 
1.6497914145929826e-13 
1.6497914145929826e-13 
1.6497914145929826e-13 
1.6497914145929826e-13 
1.6497914145929826e-13 
1.6497914145929826e-13 
1.6497914145929826e-13 
1.6497914145929826e-13 
1.6497914145929826e-13 
1.6497914145929826e-13 
1.6497914145929826e-13 
1.6497914145929826e-13 
1.6497914145929826e-13 
1.6497914145929826e-13 
1.6497914145929826e-13 
1.6497914145929826e-13 
