0.57811946618089016 
0.57811946618089016 
0.57811946618089016 
0.57811946618089016 
0.57811946618089016 
0.57811946618089016 
0.57811946618089016 
0.57811946618089016 
0.57811946618089016 
0.57811946618089016 
0.41250813961937205 
0.26702301430855602 
0.16199706997412877 
0.089509504010057084 
0.042567324585312649 
0.01524151535217011 
0.0026509998417043601 
0.00086788994164921363 
0.00086788994164921363 
0.00086788994164921363 
0.00086788994164921363 
0.00086788994164921363 
0.00086788994164921363 
0.00086788994164921363 
0.00086788994164921363 
0.00086788994164921363 
0.00086788994164921363 
0.00086788994164921363 
0.00086788994164921363 
0.00086788994164921363 
0.00067393870165144421 
0.00062860542366516281 
0.00062860542366516281 
0.00062860542366516281 
0.00062860542366516281 
0.00062860542366516281 
0.00062860542366516281 
0.00062860542366516281 
0.00062860542366516281 
0.00062860542366516281 
0.00062860542366516281 
0.00062860542366516281 
0.00062860542366516281 
0.00062860542366516281 
0.0005843446369308003 
0.00046676136008572122 
0.00046676136008572122 
0.00046676136008572122 
0.0003808462839196558 
0.00017680716328516421 
0.00010106686231292628 
0.00010106686231292628 
0.00010106686231292628 
0.00010106686231292628 
0.00010106686231292628 
0.00010106686231292628 
0.00010106686231292628 
0.00010106686231292628 
0.00010106686231292628 
0.00010106686231292628 
0.00010106686231292628 
0.00010106686231292628 
9.7278682421153562e-05 
9.7278682421153562e-05 
9.7278682421153562e-05 
9.7278682421153562e-05 
7.98048522269168e-05 
6.0128578368567887e-05 
4.7873186172608939e-05 
4.085114134089185e-05 
3.7460310499337623e-05 
3.6534915357822051e-05 
3.6534915357822051e-05 
3.6534915357822051e-05 
3.6534915357822051e-05 
3.6534915357822051e-05 
2.9022428642000442e-05 
2.3564401480324904e-05 
2.1720558972426751e-05 
2.1667690590865263e-05 
1.9479743633254998e-05 
1.0561450193180555e-05 
5.4334945146505831e-06 
2.8985114721713501e-06 
2.0986190217842093e-06 
2.0887546537950996e-06 
6.4295248403123395e-07 
1.714368400573818e-07 
1.714368400573818e-07 
1.714368400573818e-07 
1.714368400573818e-07 
1.714368400573818e-07 
1.714368400573818e-07 
1.714368400573818e-07 
1.714368400573818e-07 
1.714368400573818e-07 
1.714368400573818e-07 
1.714368400573818e-07 
1.714368400573818e-07 
1.714368400573818e-07 
1.714368400573818e-07 
1.714368400573818e-07 
1.714368400573818e-07 
1.714368400573818e-07 
1.714368400573818e-07 
1.714368400573818e-07 
1.714368400573818e-07 
1.714368400573818e-07 
1.3384928887472114e-07 
9.6765914503471606e-08 
7.0125154016942304e-08 
5.0976266652291713e-08 
3.7201152713883801e-08 
2.7280399939044742e-08 
2.0124670263577116e-08 
1.4953310589760349e-08 
1.1207046513028729e-08 
8.485256830503829e-09 
6.5009505556545832e-09 
5.0484761926483657e-09 
3.980387131008456e-09 
3.1908771180866324e-09 
2.6039284062306933e-09 
2.1648368653259809e-09 
1.8341548280176312e-09 
1.5833628852490733e-09 
1.3917792474060775e-09 
1.2443492902747266e-09 
1.1300670399450041e-09 
1.0408471862177748e-09 
9.7071739535437018e-10 
8.0265083468589182e-10 
4.3455494758148916e-10 
2.4403989939969506e-10 
1.6606183095291271e-10 
1.363706925161523e-10 
5.2057580468556353e-11 
1.4720447083504951e-11 
6.329714530295405e-12 
6.329714530295405e-12 
6.329714530295405e-12 
6.329714530295405e-12 
6.329714530295405e-12 
6.329714530295405e-12 
6.329714530295405e-12 
6.329714530295405e-12 
6.329714530295405e-12 
6.329714530295405e-12 
6.329714530295405e-12 
5.3111959275042864e-12 
2.974842594483107e-12 
1.5929479957321746e-12 
8.2467366269156628e-13 
4.4275694222051243e-13 
2.9864999362416711e-13 
2.9509727994536661e-13 
2.9509727994536661e-13 
2.9509727994536661e-13 
2.9509727994536661e-13 
2.9509727994536661e-13 
2.9509727994536661e-13 
2.9509727994536661e-13 
2.9509727994536661e-13 
2.9509727994536661e-13 
2.9509727994536661e-13 
2.9509727994536661e-13 
2.9509727994536661e-13 
2.9509727994536661e-13 
2.9509727994536661e-13 
2.8843594179761567e-13 
2.8443913890896511e-13 
2.8421709430404007e-13 
2.8066438062523957e-13 
2.0694557179012918e-13 
1.5543122344752192e-13 
1.1890488593735427e-13 
9.2814644858663087e-14 
7.4162898044960457e-14 
6.0618177144533547e-14 
5.0737192225369654e-14 
4.3187675657918589e-14 
3.7858605139717838e-14 
3.3528735343679728e-14 
3.0198066269804258e-14 
2.7866597918091429e-14 
2.5979218776228663e-14 
2.4313884239290928e-14 
2.3203661214665772e-14 
2.2315482794965646e-14 
2.1649348980190553e-14 
1.8207657603852567e-14 
1.354472090042691e-14 
1.0436096431476471e-14 
8.3266726846886741e-15 
6.6613381477509392e-15 
5.5511151231257827e-15 
4.8849813083506888e-15 
4.4408920985006262e-15 
3.9968028886505635e-15 
3.4416913763379853e-15 
3.219646771412954e-15 
3.1086244689504383e-15 
2.9976021664879227e-15 
2.886579864025407e-15 
2.7755575615628914e-15 
2.1094237467877974e-15 
1.7763568394002505e-15 
1.2212453270876722e-15 
1.1102230246251565e-15 
7.7715611723760958e-16 
7.7715611723760958e-16 
5.5511151231257827e-16 
4.4408920985006262e-16 
4.4408920985006262e-16 
4.4408920985006262e-16 
4.4408920985006262e-16 
2.2204460492503131e-16 
2.2204460492503131e-16 
0 
0 
0 
0 
0 
0 
0 
0 
0 
0 
0 
0 
0 
0 
0 
0 
0 
0 
0 
0 
0 
0 
0 
0 
0 
0 
0 
0 
0 
0 
0 
0 
0 
0 
0 
0 
0 
0 
0 
0 
0 
0 
0 
0 
0 
0 
0 
0 
0 
0 
0 
0 
0 
0 
0 
0 
0 
0 
0 
0 
0 
0 
0 
0 
0 
0 
0 
0 
0 
0 
0 
0 
0 
0 
0 
0 
0 
0 
0 
0 
0 
0 
0 
0 
0 
0 
0 
0 
0 
0 
0 
0 
0 
0 
0 
0 
0 
0 
0 
0 
0 
0 
0 
0 
0 
0 
0 
0 
0 
0 
0 
0 
0 
0 
0 
0 
0 
0 
0 
0 
0 
0 
0 
0 
0 
0 
0 
0 
0 
0 
0 
0 
0 
0 
0 
0 
0 
0 
0 
0 
0 
0 
0 
0 
0 
0 
0 
0 
0 
0 
0 
0 
0 
0 
0 
0 
0 
0 
0 
0 
0 
0 
0 
0 
0 
0 
0 
0 
0 
0 
0 
0 
0 
0 
0 
0 
0 
0 
0 
0 
0 
0 
0 
0 
0 
0 
0 
0 
0 
0 
0 
0 
0 
0 
0 
0 
0 
0 
0 
0 
0 
0 
0 
0 
0 
0 
0 
0 
0 
0 
0 
0 
0 
0 
0 
0 
0 
0 
0 
0 
0 
0 
0 
0 
0 
0 
0 
0 
0 
0 
0 
0 
0 
0 
0 
0 
0 
0 
0 
0 
0 
0 
0 
0 
0 
0 
0 
0 
0 
0 
0 
0 
0 
0 
0 
0 
0 
0 
0 
0 
0 
0 
0 
0 
0 
0 
0 
0 
0 
0 
0 
0 
0 
0 
0 
0 
0 
0 
0 
0 
0 
0 
0 
0 
0 
0 
0 
0 
0 
0 
0 
0 
0 
0 
0 
0 
0 
0 
0 
0 
0 
0 
0 
0 
0 
0 
0 
0 
0 
0 
0 
0 
0 
0 
0 
0 
0 
0 
0 
0 
0 
0 
0 
0 
0 
0 
0 
0 
0 
0 
0 
0 
0 
0 
0 
0 
0 
0 
0 
0 
0 
0 
0 
0 
0 
0 
0 
0 
0 
0 
0 
0 
0 
0 
0 
0 
0 
0 
0 
0 
0 
0 
0 
0 
0 
0 
0 
0 
0 
0 
0 
0 
0 
0 
0 
0 
0 
0 
0 
0 
0 
0 
0 
0 
0 
0 
0 
0 
0 
0 
0 
0 
0 
0 
0 
0 
0 
0 
0 
0 
0 
0 
0 
0 
0 
0 
0 
0 
0 
0 
0 
0 
0 
0 
0 
0 
0 
0 
0 
0 
0 
0 
0 
0 
0 
0 
0 
0 
0 
0 
0 
0 
0 
0 
0 
0 
0 
0 
0 
0 
0 
0 
0 
0 
0 
0 
0 
0 
0 
0 
0 
0 
0 
0 
0 
0 
0 
0 
0 
0 
0 
0 
0 
0 
0 
0 
0 
0 
0 
0 
0 
0 
0 
0 
0 
0 
0 
0 
0 
0 
0 
0 
0 
0 
0 
0 
0 
0 
0 
0 
0 
0 
0 
0 
0 
0 
0 
0 
0 
0 
0 
0 
0 
0 
0 
0 
0 
0 
0 
0 
0 
0 
0 
0 
0 
0 
0 
0 
0 
0 
0 
0 
0 
0 
0 
0 
0 
0 
0 
0 
0 
0 
0 
0 
0 
0 
0 
0 
0 
0 
0 
0 
0 
0 
0 
0 
0 
0 
0 
0 
0 
0 
0 
0 
0 
0 
0 
0 
0 
0 
0 
0 
0 
0 
0 
0 
0 
0 
0 
0 
0 
0 
0 
0 
0 
0 
0 
0 
0 
0 
0 
0 
0 
0 
0 
0 
0 
0 
0 
0 
0 
0 
0 
0 
0 
0 
0 
0 
0 
0 
0 
0 
0 
0 
0 
0 
0 
0 
0 
0 
0 
0 
0 
0 
0 
0 
0 
0 
0 
0 
0 
0 
0 
0 
0 
0 
0 
0 
0 
0 
0 
0 
0 
0 
0 
0 
0 
0 
0 
0 
0 
0 
0 
0 
0 
0 
0 
0 
0 
0 
0 
0 
0 
0 
0 
0 
0 
0 
0 
0 
0 
0 
0 
0 
0 
0 
0 
0 
0 
0 
0 
0 
0 
0 
0 
0 
0 
0 
0 
0 
0 
0 
0 
0 
0 
0 
0 
0 
0 
0 
0 
0 
0 
0 
0 
0 
0 
0 
0 
0 
0 
0 
0 
0 
0 
0 
0 
0 
0 
0 
0 
0 
0 
0 
0 
0 
0 
0 
0 
0 
0 
0 
0 
0 
0 
0 
0 
0 
0 
0 
0 
0 
0 
0 
0 
0 
0 
0 
0 
0 
0 
0 
0 
0 
0 
0 
0 
0 
0 
0 
0 
0 
0 
0 
0 
0 
0 
0 
0 
0 
0 
0 
0 
0 
0 
0 
0 
0 
0 
0 
0 
0 
0 
0 
0 
0 
0 
0 
0 
0 
0 
0 
