0.17643831212377215 
0.14790182320379086 
0.12478936653669714 
0.10610100665445443 
0.091012004010307845 
0.078844890423879321 
0.069045093921473177 
0.06115998987705884 
0.05482110899117576 
0.049729165679579856 
0.045641552389730333 
0.042361955979150379 
0.039731778420463715 
0.037623077408197925 
0.035932777821872763 
0.034577939459498941 
0.03349189837581934 
0.032621127784006609 
0.031922689579196528 
0.031362169196489265 
0.026121872973671967 
0.0049888940062624565 
0.0038666280912684758 
0.0038666280912684758 
0.0038666280912684758 
0.0038666280912684758 
0.0038666280912684758 
0.0038666280912684758 
0.0038666280912684758 
0.0038666280912684758 
0.0038666280912684758 
0.0038666280912684758 
0.0038666280912684758 
0.0038666280912684758 
0.0038666280912684758 
0.0033481880611073711 
0.0023194692754445745 
0.0023194692754445745 
0.0023194692754445745 
0.0023194692754445745 
0.0023194692754445745 
0.0023194692754445745 
0.0023194692754445745 
0.0023194692754445745 
0.0023194692754445745 
0.0023194692754445745 
0.0023194692754445745 
0.0023194692754445745 
0.0023194692754445745 
0.0023061758597827664 
0.0023061758597827664 
0.0023061758597827664 
0.0023061758597827664 
0.0023061758597827664 
0.0023061758597827664 
0.0023061758597827664 
0.0023061758597827664 
0.0023061758597827664 
0.0023061758597827664 
0.0023061758597827664 
0.0023061758597827664 
0.0023061758597827664 
0.0023061758597827664 
0.0020044071892493243 
0.0017445088523851959 
0.0015348870943340254 
0.00136505709388135 
0.0012268469686346206 
0.0011138699431724186 
0.0010211188390928383 
0.0009446544709059701 
0.00088136609258604448 
0.00082878710407108258 
0.00078495313034310232 
0.00074829258992381575 
0.00071754217887864957 
0.00069168146945752795 
0.0006698821823883927 
0.00065146873386712212 
0.00063588745609188813 
0.00062268250054386964 
0.00061147689989160536 
0.00058767682436577928 
0.00056825054832310151 
0.0005563597418439814 
0.00054967696984209446 
0.00054653118099379228 
0.00054573104793109728 
0.00054396228800179802 
0.00053789250264579813 
0.0005329878965495416 
0.00052900512039133485 
0.00052575572909541179 
0.00052309306221720586 
0.00052090237118929128 
0.00051909337608124773 
0.00051759464130807231 
0.00051634931428956587 
0.00051531188657583105 
0.00051444572314718329 
0.00051372116995096473 
0.0005131140977062687 
0.0005126047757700869 
0.00051217699654437787 
0.00051181739075767396 
0.00051151488880030183 
0.00051126029433845588 
0.00051104594469486564 
0.0005108654386639655 
0.00051071341704167494 
0.00051058538462778191 
0.00051047756506505948 
0.00051038678183867869 
0.0005103103602643877 
0.00051024604640670379 
0.00051019193975165855 
0.00051014643710201035 
0.00051010818569052763 
0.00051007604389485817 
0.00051004904824858421 
0.00051002638569264125 
0.00051000737019668563 
0.00050999142303964629 
0.00050997805616215253 
0.00050996685810011932 
0.00050952800768155893 
0.00050908007492211915 
0.00050870932142665914 
0.00050840212763203496 
0.0005081473917876167 
0.00050793602965515383 
0.00050776058302426375 
0.00050761491113937574 
0.00050749394576121709 
0.00050739349543760248 
0.00050731008812054945 
0.00050724084389464075 
0.00050718337152133586 
0.00050713568395965858 
0.00050709612910326829 
0.0005070633327967089 
0.00050703615181713069 
0.00050701363497929197 
0.00050699499089923439 
0.00050697956122658372 
0.00050696679839634662 
0.00050695624710928033 
0.00050694752891278227 
0.00050694032934917033 
0.00050693438724547235 
0.00050692948578368036 
0.00050692544505437365 
0.00050692211585079416 
0.00050691937449398594 
0.00050691711852135501 
0.00050691526309520896 
0.00050691373800992867 
0.00050691248520329246 
0.00050691145668302351 
0.00050691061280538907 
0.00050690992084090336 
0.00050690935378661095 
0.00050690888937621192 
0.00050690850926082831 
0.00050690819832943657 
0.00050690794414531837 
0.00050690773647810161 
0.00050690756691906813 
0.00050690742855918902 
0.00050690731572744507 
0.00050690722376955932 
0.00050690714887036137 
0.00050690708790224193 
0.00050690703830480466 
0.00050690699798228156 
0.00050690696522037726 
0.00050690693861732417 
0.00050690691702914847 
0.00050690689952126444 
0.00050690688533094885 
0.00050690687383703192 
0.0005069068645324748 
0.00050690685700527371 
0.00050690685091947518 
0.00050690684600207536 
0.00050690684203125169 
0.000506906838826926 
0.00050690683624243782 
0.00050690683415965943 
0.00050690683248189039 
0.00050690683113085999 
0.00050690683004439574 
0.00050690682917076124 
0.00050690682846876722 
0.00050690682790532904 
0.00050690682745291316 
0.00050690682708998125 
0.00050690682679932486 
0.00050690682656628905 
0.00050690682638010465 
0.00050690682623089067 
0.0005069068261115417 
0.00050690682601628456 
0.00050690682594012326 
0.00050690682587961611 
0.00050690682583098834 
0.00050690682579257462 
0.00050690682576171042 
0.00050690682573717449 
0.00050690682571785661 
0.00050690682570220247 
0.00050690682569010104 
0.00050690682567999801 
0.00050690682567267054 
0.00050690682566656431 
0.00050690682566156831 
0.00050690682565779355 
0.00050690682565468492 
0.00050690682565202039 
0.00050690682565035505 
0.00050690682564880074 
0.0005069068256475795 
0.00050690682564646927 
0.00050690682564591416 
0.00050690682564524803 
0.00050690682564491496 
0.00050690682564458189 
0.00050690682564424883 
0.00050690682564391576 
0.00050690682564369371 
0.00050690682564369371 
0.00050690682564369371 
0.00050690682564347167 
0.00050690682564336065 
0.00050690682564336065 
0.00050690682564336065 
0.00050690682564336065 
0.00050690682564336065 
0.00050690682564336065 
0.00050690682564336065 
0.00050690682564336065 
0.00050690682564336065 
0.00050690682564336065 
0.00050690682564336065 
0.00050690682564336065 
0.00050690682564336065 
0.00050690682564336065 
0.00050690682564336065 
0.00050690682564336065 
0.00050690682564336065 
0.00050690682564336065 
0.00050690682564336065 
0.00050690682564336065 
0.00050690682564336065 
0.00050690682564336065 
0.00050690682564336065 
0.00050690682564336065 
0.00050690682564336065 
0.00050690682564336065 
0.00050690682564336065 
0.00050690682564336065 
0.00050690682564336065 
0.00050690682564336065 
0.00050690682564336065 
0.00050690682564336065 
0.00050690682564336065 
0.00050690682564336065 
0.00050690682564336065 
0.00050690682564336065 
0.00050690682564336065 
0.00050690682564336065 
0.00050690682564336065 
0.00050690682564336065 
0.00050690682564336065 
0.00050690682564336065 
0.00050690682564336065 
0.00050690682564336065 
0.00050690682564336065 
0.00050690682564336065 
0.00050690682564336065 
0.00050690682564336065 
0.00050690682564336065 
0.00050690682564336065 
0.00050690682564336065 
0.00050690682564336065 
0.00050690682564336065 
0.00050690682564336065 
0.00050690682564336065 
0.00050690682564336065 
0.00050690682564336065 
0.00050690682564336065 
0.00050690682564336065 
0.00050690682564336065 
0.00050690682564336065 
0.00050690682564336065 
0.00050690682564336065 
0.00050690682564336065 
0.00050690682564336065 
0.00050690682564336065 
0.00050690682564336065 
0.00050690682564336065 
0.00050690682564336065 
0.00050690682564336065 
0.00050690682564336065 
0.00050690682564336065 
0.00050690682564336065 
0.00050690682564336065 
0.00050690682564336065 
0.00050690682564336065 
0.00050690682564336065 
0.00050690682564336065 
0.00050690682564336065 
0.00050690682564336065 
0.00050690682564336065 
0.00050690682564336065 
0.00050690682564336065 
0.00050690682564336065 
0.00050690682564336065 
0.00050690682564336065 
0.00050690682564336065 
0.00050690682564336065 
0.00050690682564336065 
0.00050690682564336065 
0.00050690682564336065 
0.00050690682564336065 
0.00050690682564336065 
0.00050690682564336065 
0.00050690682564336065 
0.00050690682564336065 
0.00050690682564336065 
0.00050690682564336065 
0.00050690682564336065 
0.00050690682564336065 
0.00050690682564336065 
0.00050690682564336065 
0.00050690682564336065 
0.00050690682564336065 
0.00050690682564336065 
0.00050690682564336065 
0.00050690682564336065 
0.00050690682564336065 
0.00050690682564336065 
0.00050690682564336065 
0.00050690682564336065 
0.00050690682564336065 
0.00050690682564336065 
0.00050690682564336065 
0.00050690682564336065 
0.00050690682564336065 
0.00050690682564336065 
0.00050690682564336065 
0.00050690682564336065 
0.00050690682564336065 
0.00050690682564336065 
0.00050690682564336065 
0.00050690682564336065 
0.00050690682564336065 
0.00050690682564336065 
0.00050690682564336065 
0.00050690682564336065 
0.00050690682564336065 
0.00050690682564336065 
0.00050690682564336065 
0.00050690682564336065 
0.00050690682564336065 
0.00050690682564336065 
0.00050690682564336065 
0.00050690682564336065 
0.00050690682564336065 
0.00050690682564336065 
0.00050690682564336065 
0.00050690682564336065 
0.00050690682564336065 
0.00050690682564336065 
0.00050690682564336065 
0.00050690682564336065 
0.00050690682564336065 
0.00050690682564336065 
0.00050690682564336065 
0.00050690682564336065 
0.00050690682564336065 
0.00050690682564336065 
0.00050690682564336065 
0.00050690682564336065 
0.00050690682564336065 
0.00050690682564336065 
0.00050690682564336065 
0.00050690682564336065 
0.00050690682564336065 
0.00050690682564336065 
0.00050690682564336065 
0.00050690682564336065 
0.00050690682564336065 
0.00050690682564336065 
0.00050690682564336065 
0.00050690682564336065 
0.00050690682564336065 
0.00050690682564336065 
0.00050690682564336065 
0.00050690682564336065 
0.00050690682564336065 
0.00050690682564336065 
0.00050690682564336065 
0.00050690682564336065 
0.00050690682564336065 
0.00050690682564336065 
0.00050690682564336065 
0.00050690682564336065 
0.00050690682564336065 
0.00050690682564336065 
0.00050690682564336065 
0.00050690682564336065 
0.00050690682564336065 
0.00050690682564336065 
0.00050690682564336065 
0.00050690682564336065 
0.00050690682564336065 
0.00050690682564336065 
0.00050690682564336065 
0.00050690682564336065 
0.00050690682564336065 
0.00050690682564336065 
0.00050690682564336065 
0.00050690682564336065 
0.00050690682564336065 
0.00050690682564336065 
0.00050690682564336065 
0.00050690682564336065 
0.00050690682564336065 
0.00050690682564336065 
0.00050690682564336065 
0.00050690682564336065 
0.00050690682564336065 
0.00050690682564336065 
0.00050690682564336065 
0.00050690682564336065 
0.00050690682564336065 
0.00050690682564336065 
0.00050690682564336065 
0.00050690682564336065 
0.00050690682564336065 
0.00050690682564336065 
0.00050690682564336065 
0.00050690682564336065 
0.00050690682564336065 
0.00050690682564336065 
0.00050690682564336065 
0.00050690682564336065 
0.00050690682564336065 
0.00050690682564336065 
0.00050690682564336065 
0.00050690682564336065 
0.00050690682564336065 
0.00050690682564336065 
0.00050690682564336065 
0.00050690682564336065 
0.00050690682564336065 
0.00050690682564336065 
0.00050690682564336065 
0.00050690682564336065 
0.00050690682564336065 
0.00050690682564336065 
0.00050690682564336065 
0.00050690682564336065 
0.00050690682564336065 
0.00050690682564336065 
0.00050690682564336065 
0.00050690682564336065 
0.00050690682564336065 
0.00050690682564336065 
0.00050690682564336065 
0.00050690682564336065 
0.00050690682564336065 
0.00050690682564336065 
0.00050690682564336065 
0.00050690682564336065 
0.00050690682564336065 
0.00050690682564336065 
0.00050690682564336065 
0.00050690682564336065 
0.00050690682564336065 
0.00050690682564336065 
0.00050690682564336065 
0.00050690682564336065 
0.00050690682564336065 
0.00050690682564336065 
0.00050690682564336065 
0.00050690682564336065 
0.00050690682564336065 
0.00050690682564336065 
0.00050690682564336065 
0.00050690682564336065 
0.00050690682564336065 
0.00050690682564336065 
0.00050690682564336065 
0.00050690682564336065 
0.00050690682564336065 
0.00050690682564336065 
0.00050690682564336065 
0.00050690682564336065 
0.00050690682564336065 
0.00050690682564336065 
0.00050690682564336065 
0.00050690682564336065 
0.00050690682564336065 
0.00050690682564336065 
0.00050690682564336065 
0.00050690682564336065 
0.00050690682564336065 
0.00050690682564336065 
0.00050690682564336065 
0.00050690682564336065 
0.00050690682564336065 
0.00050690682564336065 
0.00050690682564336065 
0.00050690682564336065 
0.00050690682564336065 
0.00050690682564336065 
0.00050690682564336065 
0.00050690682564336065 
0.00050690682564336065 
0.00050690682564336065 
0.00050690682564336065 
0.00050690682564336065 
0.00050690682564336065 
0.00050690682564336065 
0.00050690682564336065 
0.00050690682564336065 
0.00050690682564336065 
0.00050690682564336065 
0.00050690682564336065 
0.00050690682564336065 
0.00050690682564336065 
0.00050690682564336065 
0.00050690682564336065 
0.00050690682564336065 
0.00050690682564336065 
0.00050690682564336065 
0.00050690682564336065 
0.00050690682564336065 
0.00050690682564336065 
0.00050690682564336065 
0.00050690682564336065 
0.00050690682564336065 
0.00050690682564336065 
0.00050690682564336065 
0.00050690682564336065 
0.00050690682564336065 
0.00050690682564336065 
0.00050690682564336065 
0.00050690682564336065 
0.00050690682564336065 
0.00050690682564336065 
0.00050690682564336065 
0.00050690682564336065 
0.00050690682564336065 
0.00050690682564336065 
0.00050690682564336065 
0.00050690682564336065 
0.00050690682564336065 
0.00050690682564336065 
0.00050690682564336065 
0.00050690682564336065 
0.00050690682564336065 
0.00050690682564336065 
0.00050690682564336065 
0.00050690682564336065 
0.00050690682564336065 
0.00050690682564336065 
0.00050690682564336065 
0.00050690682564336065 
0.00050690682564336065 
0.00050690682564336065 
0.00050690682564336065 
0.00050690682564336065 
0.00050690682564336065 
0.00050690682564336065 
0.00050690682564336065 
0.00050690682564336065 
0.00050690682564336065 
0.00050690682564336065 
0.00050690682564336065 
0.00050690682564336065 
0.00050690682564336065 
0.00050690682564336065 
0.00050690682564336065 
0.00050690682564336065 
0.00050690682564336065 
0.00050690682564336065 
0.00050690682564336065 
0.00050690682564336065 
0.00050690682564336065 
0.00050690682564336065 
0.00050690682564336065 
0.00050690682564336065 
0.00050690682564336065 
0.00050690682564336065 
0.00050690682564336065 
0.00050690682564336065 
0.00050690682564336065 
0.00050690682564336065 
0.00050690682564336065 
0.00050690682564336065 
0.00050690682564336065 
0.00050690682564336065 
0.00050690682564336065 
0.00050690682564336065 
0.00050690682564336065 
0.00050690682564336065 
0.00050690682564336065 
0.00050690682564336065 
0.00050690682564336065 
0.00050690682564336065 
0.00050690682564336065 
0.00050690682564336065 
0.00050690682564336065 
0.00050690682564336065 
0.00050690682564336065 
0.00050690682564336065 
0.00050690682564336065 
0.00050690682564336065 
0.00050690682564336065 
0.00050690682564336065 
0.00050690682564336065 
0.00050690682564336065 
0.00050690682564336065 
0.00050690682564336065 
0.00050690682564336065 
0.00050690682564336065 
0.00050690682564336065 
0.00050690682564336065 
0.00050690682564336065 
0.00050690682564336065 
0.00050690682564336065 
0.00050690682564336065 
0.00050690682564336065 
0.00050690682564336065 
0.00050690682564336065 
0.00050690682564336065 
0.00050690682564336065 
0.00050690682564336065 
0.00050690682564336065 
0.00050690682564336065 
0.00050690682564336065 
0.00050690682564336065 
0.00050690682564336065 
0.00050690682564336065 
0.00050690682564336065 
0.00050690682564336065 
0.00050690682564336065 
0.00050690682564336065 
0.00050690682564336065 
0.00050690682564336065 
0.00050690682564336065 
0.00050690682564336065 
0.00050690682564336065 
0.00050690682564336065 
0.00050690682564336065 
0.00050690682564336065 
0.00050690682564336065 
0.00050690682564336065 
0.00050690682564336065 
0.00050690682564336065 
0.00050690682564336065 
0.00050690682564336065 
0.00050690682564336065 
0.00050690682564336065 
0.00050690682564336065 
0.00050690682564336065 
0.00050690682564336065 
0.00050690682564336065 
0.00050690682564336065 
0.00050690682564336065 
0.00050690682564336065 
0.00050690682564336065 
0.00050690682564336065 
0.00050690682564336065 
0.00050690682564336065 
0.00050690682564336065 
0.00050690682564336065 
0.00050690682564336065 
0.00050690682564336065 
0.00050690682564336065 
0.00050690682564336065 
0.00050690682564336065 
0.00050690682564336065 
0.00050690682564336065 
0.00050690682564336065 
0.00050690682564336065 
0.00050690682564336065 
0.00050690682564336065 
0.00050690682564336065 
0.00050690682564336065 
0.00050690682564336065 
0.00050690682564336065 
0.00050690682564336065 
0.00050690682564336065 
0.00050690682564336065 
0.00050690682564336065 
0.00050690682564336065 
0.00050690682564336065 
0.00050690682564336065 
0.00050690682564336065 
0.00050690682564336065 
0.00050690682564336065 
0.00050690682564336065 
0.00050690682564336065 
0.00050690682564336065 
0.00050690682564336065 
0.00050690682564336065 
0.00050690682564336065 
0.00050690682564336065 
0.00050690682564336065 
0.00050690682564336065 
0.00050690682564336065 
0.00050690682564336065 
0.00050690682564336065 
0.00050690682564336065 
0.00050690682564336065 
0.00050690682564336065 
0.00050690682564336065 
0.00050690682564336065 
0.00050690682564336065 
0.00050690682564336065 
0.00050690682564336065 
0.00050690682564336065 
0.00050690682564336065 
0.00050690682564336065 
0.00050690682564336065 
0.00050690682564336065 
0.00050690682564336065 
0.00050690682564336065 
0.00050690682564336065 
0.00050690682564336065 
0.00050690682564336065 
0.00050690682564336065 
0.00050690682564336065 
0.00050690682564336065 
0.00050690682564336065 
0.00050690682564336065 
0.00050690682564336065 
0.00050690682564336065 
0.00050690682564336065 
0.00050690682564336065 
0.00050690682564336065 
0.00050690682564336065 
0.00050690682564336065 
0.00050690682564336065 
0.00050690682564336065 
0.00050690682564336065 
0.00050690682564336065 
0.00050690682564336065 
0.00050690682564336065 
0.00050690682564336065 
0.00050690682564336065 
0.00050690682564336065 
0.00050690682564336065 
0.00050690682564336065 
0.00050690682564336065 
0.00050690682564336065 
0.00050690682564336065 
0.00050690682564336065 
0.00050690682564336065 
0.00050690682564336065 
0.00050690682564336065 
0.00050690682564336065 
0.00050690682564336065 
0.00050690682564336065 
0.00050690682564336065 
0.00050690682564336065 
0.00050690682564336065 
0.00050690682564336065 
0.00050690682564336065 
0.00050690682564336065 
0.00050690682564336065 
0.00050690682564336065 
0.00050690682564336065 
0.00050690682564336065 
0.00050690682564336065 
0.00050690682564336065 
0.00050690682564336065 
0.00050690682564336065 
0.00050690682564336065 
0.00050690682564336065 
0.00050690682564336065 
0.00050690682564336065 
0.00050690682564336065 
0.00050690682564336065 
0.00050690682564336065 
0.00050690682564336065 
0.00050690682564336065 
0.00050690682564336065 
0.00050690682564336065 
0.00050690682564336065 
0.00050690682564336065 
0.00050690682564336065 
0.00050690682564336065 
0.00050690682564336065 
0.00050690682564336065 
0.00050690682564336065 
0.00050690682564336065 
0.00050690682564336065 
0.00050690682564336065 
0.00050690682564336065 
0.00050690682564336065 
0.00050690682564336065 
0.00050690682564336065 
0.00050690682564336065 
0.00050690682564336065 
0.00050690682564336065 
0.00050690682564336065 
0.00050690682564336065 
0.00050690682564336065 
0.00050690682564336065 
0.00050690682564336065 
0.00050690682564336065 
0.00050690682564336065 
0.00050690682564336065 
0.00050690682564336065 
0.00050690682564336065 
0.00050690682564336065 
0.00050690682564336065 
0.00050690682564336065 
0.00050690682564336065 
0.00050690682564336065 
0.00050690682564336065 
0.00050690682564336065 
0.00050690682564336065 
0.00050690682564336065 
0.00050690682564336065 
0.00050690682564336065 
0.00050690682564336065 
0.00050690682564336065 
0.00050690682564336065 
0.00050690682564336065 
0.00050690682564336065 
0.00050690682564336065 
0.00050690682564336065 
0.00050690682564336065 
0.00050690682564336065 
0.00050690682564336065 
0.00050690682564336065 
0.00050690682564336065 
0.00050690682564336065 
0.00050690682564336065 
0.00050690682564336065 
0.00050690682564336065 
0.00050690682564336065 
0.00050690682564336065 
0.00050690682564336065 
0.00050690682564336065 
0.00050690682564336065 
0.00050690682564336065 
0.00050690682564336065 
0.00050690682564336065 
0.00050690682564336065 
0.00050690682564336065 
0.00050690682564336065 
0.00050690682564336065 
0.00050690682564336065 
0.00050690682564336065 
0.00050690682564336065 
0.00050690682564336065 
0.00050690682564336065 
0.00050690682564336065 
0.00050690682564336065 
0.00050690682564336065 
0.00050690682564336065 
0.00050690682564336065 
0.00050690682564336065 
0.00050690682564336065 
0.00050690682564336065 
0.00050690682564336065 
0.00050690682564336065 
0.00050690682564336065 
0.00050690682564336065 
0.00050690682564336065 
0.00050690682564336065 
0.00050690682564336065 
0.00050690682564336065 
0.00050690682564336065 
0.00050690682564336065 
0.00050690682564336065 
0.00050690682564336065 
0.00050690682564336065 
0.00050690682564336065 
0.00050690682564336065 
0.00050690682564336065 
0.00050690682564336065 
0.00050690682564336065 
0.00050690682564336065 
0.00050690682564336065 
0.00050690682564336065 
0.00050690682564336065 
0.00050690682564336065 
0.00050690682564336065 
0.00050690682564336065 
0.00050690682564336065 
0.00050690682564336065 
0.00050690682564336065 
0.00050690682564336065 
0.00050690682564336065 
0.00050690682564336065 
0.00050690682564336065 
0.00050690682564336065 
0.00050690682564336065 
0.00050690682564336065 
0.00050690682564336065 
0.00050690682564336065 
0.00050690682564336065 
0.00050690682564336065 
0.00050690682564336065 
0.00050690682564336065 
0.00050690682564336065 
0.00050690682564336065 
0.00050690682564336065 
0.00050690682564336065 
0.00050690682564336065 
0.00050690682564336065 
0.00050690682564336065 
0.00050690682564336065 
0.00050690682564336065 
0.00050690682564336065 
0.00050690682564336065 
0.00050690682564336065 
0.00050690682564336065 
0.00050690682564336065 
0.00050690682564336065 
0.00050690682564336065 
0.00050690682564336065 
0.00050690682564336065 
0.00050690682564336065 
0.00050690682564336065 
0.00050690682564336065 
0.00050690682564336065 
0.00050690682564336065 
0.00050690682564336065 
0.00050690682564336065 
0.00050690682564336065 
0.00050690682564336065 
0.00050690682564336065 
0.00050690682564336065 
0.00050690682564336065 
0.00050690682564336065 
0.00050690682564336065 
0.00050690682564336065 
0.00050690682564336065 
0.00050690682564336065 
0.00050690682564336065 
0.00050690682564336065 
0.00050690682564336065 
0.00050690682564336065 
0.00050690682564336065 
0.00050690682564336065 
0.00050690682564336065 
0.00050690682564336065 
0.00050690682564336065 
0.00050690682564336065 
0.00050690682564336065 
0.00050690682564336065 
0.00050690682564336065 
0.00050690682564336065 
0.00050690682564336065 
0.00050690682564336065 
0.00050690682564336065 
0.00050690682564336065 
0.00050690682564336065 
0.00050690682564336065 
0.00050690682564336065 
0.00050690682564336065 
0.00050690682564336065 
0.00050690682564336065 
0.00050690682564336065 
0.00050690682564336065 
0.00050690682564336065 
0.00050690682564336065 
0.00050690682564336065 
0.00050690682564336065 
0.00050690682564336065 
0.00050690682564336065 
0.00050690682564336065 
0.00050690682564336065 
0.00050690682564336065 
0.00050690682564336065 
0.00050690682564336065 
0.00050690682564336065 
0.00050690682564336065 
0.00050690682564336065 
0.00050690682564336065 
0.00050690682564336065 
0.00050690682564336065 
0.00050690682564336065 
0.00050690682564336065 
0.00050690682564336065 
0.00050690682564336065 
0.00050690682564336065 
0.00050690682564336065 
0.00050690682564336065 
0.00050690682564336065 
0.00050690682564336065 
