0.1927946432449128 
0.1927946432449128 
0.1927946432449128 
0.1927946432449128 
0.1927946432449128 
0.1927946432449128 
0.1927946432449128 
0.1927946432449128 
0.1927946432449128 
0.1927946432449128 
0.1927946432449128 
0.1927946432449128 
0.19109642486539125 
0.18414222100249666 
0.17825321340424416 
0.17325461403930664 
0.16900169001035381 
0.16537452596781277 
0.16227367404505055 
0.15961655420486143 
0.15733448407497685 
0.15537023356013335 
0.15367601477757042 
0.15221183168580688 
0.15094412597767526 
0.14253692364626802 
0.10654916724394736 
0.080081249404599597 
0.060955068893434605 
0.047440722406283609 
0.038176597283790192 
0.032099341914081148 
0.028384452672161831 
0.026396986737609263 
0.020311722596303095 
0.014874703242132914 
0.010795316524727538 
0.0077569656103226858 
0.0055137220365938377 
0.0038751089002980743 
0.0026940353204674139 
0.0018572647725154656 
0.0012779091468908543 
0.00088953473270880767 
0.00064154588499876208 
0.00049557810829958804 
0.00042268633336273176 
0.00040115802956142144 
0.00040115802956142144 
0.00040115802956142144 
0.00040115802956142144 
0.00040115802956142144 
0.0003661035754815023 
0.00020738299623090928 
0.00010545406004847102 
4.441976763158717e-05 
1.241910048888073e-05 
6.5365358670188556e-07 
6.5365358670188556e-07 
6.5365358670188556e-07 
6.5365358670188556e-07 
6.5365358670188556e-07 
6.5365358670188556e-07 
6.5365358670188556e-07 
6.5365358670188556e-07 
6.5365358670188556e-07 
6.5365358670188556e-07 
6.5365358670188556e-07 
6.5365358670188556e-07 
8.9556944082858081e-08 
8.9556944082858081e-08 
8.9556944082858081e-08 
8.9556944082858081e-08 
8.9556944082858081e-08 
8.9556944082858081e-08 
8.9556944082858081e-08 
8.9556944082858081e-08 
8.9556944082858081e-08 
8.9556944082858081e-08 
8.9556944082858081e-08 
8.9556944082858081e-08 
8.9556944082858081e-08 
8.9556944082858081e-08 
8.9556944082858081e-08 
8.9556944082858081e-08 
8.9556944082858081e-08 
8.9556944082858081e-08 
8.9556944082858081e-08 
8.9556944082858081e-08 
8.9556944082858081e-08 
8.9556944082858081e-08 
8.9556944082858081e-08 
8.9556944082858081e-08 
8.9556944082858081e-08 
8.9556944082858081e-08 
8.2658641042954173e-08 
5.1833654146626884e-08 
5.1833654146626884e-08 
5.1833654146626884e-08 
5.1833654146626884e-08 
5.1833654146626884e-08 
3.0177538912212754e-08 
3.0177538912212754e-08 
3.0177538912212754e-08 
3.0177538912212754e-08 
3.0177538912212754e-08 
3.0177538912212754e-08 
3.0177538912212754e-08 
2.5657362789921478e-08 
2.229428086586438e-08 
2.1766855873295299e-08 
2.1766855873295299e-08 
2.1766855873295299e-08 
2.1766855873295299e-08 
1.855212405921236e-08 
1.8372136589839272e-08 
1.3150141087159284e-08 
9.7377521601771377e-09 
7.5626505058323801e-09 
6.2254125188232479e-09 
5.4486486433802384e-09 
5.0408447416216973e-09 
4.870713610216626e-09 
3.4659913827894684e-09 
2.6113865514432177e-09 
2.1401861394210187e-09 
1.9171583209853793e-09 
1.8505454946193822e-09 
1.8505454946193822e-09 
1.8505454946193822e-09 
1.8505454946193822e-09 
1.8505454946193822e-09 
1.8505454946193822e-09 
1.8505454946193822e-09 
1.6447636586036651e-09 
1.4159090566678856e-09 
1.1848680925297117e-09 
9.1857266237838076e-10 
7.3528627630992105e-10 
6.092889526243539e-10 
5.2278148476858632e-10 
4.6346093629523466e-10 
4.2283498924433616e-10 
3.9504788329480789e-10 
3.760660671758842e-10 
3.6311698092816869e-10 
3.044469121249449e-10 
2.2663404486422678e-10 
1.729573151365571e-10 
1.3587053704355867e-10 
1.1019185564009604e-10 
9.2364227377572661e-11 
7.994571671332551e-11 
7.1260219947077985e-11 
6.5155991713083949e-11 
4.8191117762996782e-11 
3.2979174946490275e-11 
2.2635671115267542e-11 
1.5595746916119424e-11 
1.0797140959084572e-11 
7.5197625903911103e-12 
5.2761128799261314e-12 
3.7347902548390266e-12 
2.6719737533653642e-12 
1.9354517988290354e-12 
1.4224177391497506e-12 
1.0625944568687373e-12 
8.0835338422957648e-13 
6.2738703121567596e-13 
4.9726889272960761e-13 
4.0267789103154428e-13 
3.3373304120232206e-13 
2.8255175976710234e-13 
2.4424906541753444e-13 
2.1538326677728037e-13 
1.9340085088970227e-13 
1.7663648321786241e-13 
1.6353585152728556e-13 
1.5354384430565915e-13 
1.4555023852835802e-13 
1.3944401189291966e-13 
1.3433698597964394e-13 
1.3045120539345589e-13 
1.2723155862204294e-13 
1.2467804566540508e-13 
1.2301271112846734e-13 
1.2145839889399213e-13 
1.2001510896197942e-13 
1.1879386363489175e-13 
1.1812772982011666e-13 
1.1746159600534156e-13 
1.1712852909795402e-13 
1.1679546219056647e-13 
1.1624035067825389e-13 
1.1612932837579137e-13 
1.155742168634788e-13 
1.155742168634788e-13 
1.1546319456101628e-13 
1.1546319456101628e-13 
1.1335377081422848e-13 
1.1080025785759062e-13 
1.0913492332065289e-13 
1.0791367799356522e-13 
1.0713652187632761e-13 
1.0647038806155251e-13 
1.0613732115416497e-13 
1.0591527654923993e-13 
1.056932319443149e-13 
1.0558220964185239e-13 
1.0558220964185239e-13 
1.0547118733938987e-13 
1.0536016503692736e-13 
1.0536016503692736e-13 
1.0536016503692736e-13 
1.0536016503692736e-13 
1.0513812043200232e-13 
1.0513812043200232e-13 
1.0513812043200232e-13 
1.0502709812953981e-13 
1.0502709812953981e-13 
1.0491607582707729e-13 
1.0491607582707729e-13 
1.0491607582707729e-13 
1.0491607582707729e-13 
1.0491607582707729e-13 
1.0491607582707729e-13 
1.0491607582707729e-13 
1.0491607582707729e-13 
1.0491607582707729e-13 
1.0491607582707729e-13 
1.0491607582707729e-13 
1.0469403122215226e-13 
1.0469403122215226e-13 
1.0469403122215226e-13 
1.0469403122215226e-13 
1.0469403122215226e-13 
1.0469403122215226e-13 
1.0469403122215226e-13 
1.0469403122215226e-13 
1.0469403122215226e-13 
1.0469403122215226e-13 
1.0469403122215226e-13 
1.0469403122215226e-13 
1.0469403122215226e-13 
1.0469403122215226e-13 
1.0469403122215226e-13 
1.0469403122215226e-13 
1.0469403122215226e-13 
1.0469403122215226e-13 
1.0469403122215226e-13 
1.0469403122215226e-13 
1.0469403122215226e-13 
1.0469403122215226e-13 
1.0469403122215226e-13 
1.0469403122215226e-13 
1.0469403122215226e-13 
1.0469403122215226e-13 
1.0469403122215226e-13 
1.0469403122215226e-13 
1.0469403122215226e-13 
1.0469403122215226e-13 
1.0469403122215226e-13 
1.0469403122215226e-13 
1.0469403122215226e-13 
1.0469403122215226e-13 
1.0469403122215226e-13 
1.0469403122215226e-13 
1.0469403122215226e-13 
1.0469403122215226e-13 
1.0469403122215226e-13 
1.0469403122215226e-13 
1.0469403122215226e-13 
1.0469403122215226e-13 
1.0469403122215226e-13 
1.0469403122215226e-13 
1.0469403122215226e-13 
1.0469403122215226e-13 
1.0469403122215226e-13 
1.0469403122215226e-13 
1.0469403122215226e-13 
1.0469403122215226e-13 
1.0469403122215226e-13 
1.0469403122215226e-13 
1.0469403122215226e-13 
1.0469403122215226e-13 
1.0469403122215226e-13 
1.0469403122215226e-13 
1.0469403122215226e-13 
1.0469403122215226e-13 
1.0469403122215226e-13 
1.0469403122215226e-13 
1.0469403122215226e-13 
1.0469403122215226e-13 
1.0469403122215226e-13 
1.0469403122215226e-13 
1.0469403122215226e-13 
1.0469403122215226e-13 
1.0469403122215226e-13 
1.0469403122215226e-13 
1.0469403122215226e-13 
1.0469403122215226e-13 
1.0469403122215226e-13 
1.0469403122215226e-13 
1.0469403122215226e-13 
1.0469403122215226e-13 
1.0469403122215226e-13 
1.0469403122215226e-13 
1.0469403122215226e-13 
1.0469403122215226e-13 
1.0469403122215226e-13 
1.0469403122215226e-13 
1.0469403122215226e-13 
1.0469403122215226e-13 
1.0469403122215226e-13 
1.0469403122215226e-13 
1.0469403122215226e-13 
1.0469403122215226e-13 
1.0469403122215226e-13 
1.0469403122215226e-13 
1.0469403122215226e-13 
1.0469403122215226e-13 
1.0469403122215226e-13 
1.0469403122215226e-13 
1.0469403122215226e-13 
1.0469403122215226e-13 
1.0469403122215226e-13 
1.0469403122215226e-13 
1.0469403122215226e-13 
1.0469403122215226e-13 
1.0469403122215226e-13 
1.0469403122215226e-13 
1.0469403122215226e-13 
1.0469403122215226e-13 
1.0469403122215226e-13 
1.0469403122215226e-13 
1.0469403122215226e-13 
1.0469403122215226e-13 
1.0469403122215226e-13 
1.0469403122215226e-13 
1.0469403122215226e-13 
1.0469403122215226e-13 
1.0469403122215226e-13 
1.0469403122215226e-13 
1.0469403122215226e-13 
1.0469403122215226e-13 
1.0469403122215226e-13 
1.0469403122215226e-13 
1.0469403122215226e-13 
1.0469403122215226e-13 
1.0469403122215226e-13 
1.0469403122215226e-13 
1.0469403122215226e-13 
1.0469403122215226e-13 
1.0469403122215226e-13 
1.0469403122215226e-13 
1.0469403122215226e-13 
1.0469403122215226e-13 
1.0469403122215226e-13 
1.0469403122215226e-13 
1.0469403122215226e-13 
1.0469403122215226e-13 
1.0469403122215226e-13 
1.0469403122215226e-13 
1.0469403122215226e-13 
1.0469403122215226e-13 
1.0469403122215226e-13 
1.0469403122215226e-13 
1.0469403122215226e-13 
1.0469403122215226e-13 
1.0469403122215226e-13 
1.0469403122215226e-13 
1.0469403122215226e-13 
1.0469403122215226e-13 
1.0469403122215226e-13 
1.0469403122215226e-13 
1.0469403122215226e-13 
1.0469403122215226e-13 
1.0469403122215226e-13 
1.0469403122215226e-13 
1.0469403122215226e-13 
1.0469403122215226e-13 
1.0469403122215226e-13 
1.0469403122215226e-13 
1.0469403122215226e-13 
1.0469403122215226e-13 
1.0469403122215226e-13 
1.0469403122215226e-13 
1.0469403122215226e-13 
1.0469403122215226e-13 
1.0469403122215226e-13 
1.0469403122215226e-13 
1.0469403122215226e-13 
1.0469403122215226e-13 
1.0469403122215226e-13 
1.0469403122215226e-13 
1.0469403122215226e-13 
1.0469403122215226e-13 
1.0469403122215226e-13 
1.0469403122215226e-13 
1.0469403122215226e-13 
1.0469403122215226e-13 
1.0469403122215226e-13 
1.0469403122215226e-13 
1.0469403122215226e-13 
1.0469403122215226e-13 
1.0469403122215226e-13 
1.0469403122215226e-13 
1.0469403122215226e-13 
1.0469403122215226e-13 
1.0469403122215226e-13 
1.0469403122215226e-13 
1.0469403122215226e-13 
1.0469403122215226e-13 
1.0469403122215226e-13 
1.0469403122215226e-13 
1.0469403122215226e-13 
1.0469403122215226e-13 
1.0469403122215226e-13 
1.0469403122215226e-13 
1.0469403122215226e-13 
1.0469403122215226e-13 
1.0469403122215226e-13 
1.0469403122215226e-13 
1.0469403122215226e-13 
1.0469403122215226e-13 
1.0469403122215226e-13 
1.0469403122215226e-13 
1.0469403122215226e-13 
1.0469403122215226e-13 
1.0469403122215226e-13 
1.0469403122215226e-13 
1.0469403122215226e-13 
1.0469403122215226e-13 
1.0469403122215226e-13 
1.0469403122215226e-13 
1.0469403122215226e-13 
1.0469403122215226e-13 
1.0469403122215226e-13 
1.0469403122215226e-13 
1.0469403122215226e-13 
1.0469403122215226e-13 
1.0469403122215226e-13 
1.0469403122215226e-13 
1.0469403122215226e-13 
1.0469403122215226e-13 
1.0469403122215226e-13 
1.0469403122215226e-13 
1.0469403122215226e-13 
1.0469403122215226e-13 
1.0469403122215226e-13 
1.0469403122215226e-13 
1.0469403122215226e-13 
1.0469403122215226e-13 
1.0469403122215226e-13 
1.0469403122215226e-13 
1.0469403122215226e-13 
1.0469403122215226e-13 
1.0469403122215226e-13 
1.0469403122215226e-13 
1.0469403122215226e-13 
1.0469403122215226e-13 
1.0469403122215226e-13 
1.0469403122215226e-13 
1.0469403122215226e-13 
1.0469403122215226e-13 
1.0469403122215226e-13 
1.0469403122215226e-13 
1.0469403122215226e-13 
1.0469403122215226e-13 
1.0469403122215226e-13 
1.0469403122215226e-13 
1.0469403122215226e-13 
1.0469403122215226e-13 
1.0469403122215226e-13 
1.0469403122215226e-13 
1.0469403122215226e-13 
1.0469403122215226e-13 
1.0469403122215226e-13 
1.0469403122215226e-13 
1.0469403122215226e-13 
1.0469403122215226e-13 
1.0469403122215226e-13 
1.0469403122215226e-13 
1.0469403122215226e-13 
1.0469403122215226e-13 
1.0469403122215226e-13 
1.0469403122215226e-13 
1.0469403122215226e-13 
1.0469403122215226e-13 
1.0469403122215226e-13 
1.0469403122215226e-13 
1.0469403122215226e-13 
1.0469403122215226e-13 
1.0469403122215226e-13 
1.0469403122215226e-13 
1.0469403122215226e-13 
1.0469403122215226e-13 
1.0469403122215226e-13 
1.0469403122215226e-13 
1.0469403122215226e-13 
1.0469403122215226e-13 
1.0469403122215226e-13 
1.0469403122215226e-13 
1.0469403122215226e-13 
1.0469403122215226e-13 
1.0469403122215226e-13 
1.0469403122215226e-13 
1.0469403122215226e-13 
1.0469403122215226e-13 
1.0469403122215226e-13 
1.0469403122215226e-13 
1.0469403122215226e-13 
1.0469403122215226e-13 
1.0469403122215226e-13 
1.0469403122215226e-13 
1.0469403122215226e-13 
1.0469403122215226e-13 
1.0469403122215226e-13 
1.0469403122215226e-13 
1.0469403122215226e-13 
1.0469403122215226e-13 
1.0469403122215226e-13 
1.0469403122215226e-13 
1.0469403122215226e-13 
1.0469403122215226e-13 
1.0469403122215226e-13 
1.0469403122215226e-13 
1.0469403122215226e-13 
1.0469403122215226e-13 
1.0469403122215226e-13 
1.0469403122215226e-13 
1.0469403122215226e-13 
1.0469403122215226e-13 
1.0469403122215226e-13 
1.0469403122215226e-13 
1.0469403122215226e-13 
1.0469403122215226e-13 
1.0469403122215226e-13 
1.0469403122215226e-13 
1.0469403122215226e-13 
1.0469403122215226e-13 
1.0469403122215226e-13 
1.0469403122215226e-13 
1.0469403122215226e-13 
1.0469403122215226e-13 
1.0469403122215226e-13 
1.0469403122215226e-13 
1.0469403122215226e-13 
1.0469403122215226e-13 
1.0469403122215226e-13 
1.0469403122215226e-13 
1.0469403122215226e-13 
1.0469403122215226e-13 
1.0469403122215226e-13 
1.0469403122215226e-13 
1.0469403122215226e-13 
1.0469403122215226e-13 
1.0469403122215226e-13 
1.0469403122215226e-13 
1.0469403122215226e-13 
1.0469403122215226e-13 
1.0469403122215226e-13 
1.0469403122215226e-13 
1.0469403122215226e-13 
1.0469403122215226e-13 
1.0469403122215226e-13 
1.0469403122215226e-13 
1.0469403122215226e-13 
1.0469403122215226e-13 
1.0469403122215226e-13 
1.0469403122215226e-13 
1.0469403122215226e-13 
1.0469403122215226e-13 
1.0469403122215226e-13 
1.0469403122215226e-13 
1.0469403122215226e-13 
1.0469403122215226e-13 
1.0469403122215226e-13 
1.0469403122215226e-13 
1.0469403122215226e-13 
1.0469403122215226e-13 
1.0469403122215226e-13 
1.0469403122215226e-13 
1.0469403122215226e-13 
1.0469403122215226e-13 
1.0469403122215226e-13 
1.0469403122215226e-13 
1.0469403122215226e-13 
1.0469403122215226e-13 
1.0469403122215226e-13 
1.0469403122215226e-13 
1.0469403122215226e-13 
1.0469403122215226e-13 
1.0469403122215226e-13 
1.0469403122215226e-13 
1.0469403122215226e-13 
1.0469403122215226e-13 
1.0469403122215226e-13 
1.0469403122215226e-13 
1.0469403122215226e-13 
1.0469403122215226e-13 
1.0469403122215226e-13 
1.0469403122215226e-13 
1.0469403122215226e-13 
1.0469403122215226e-13 
1.0469403122215226e-13 
1.0469403122215226e-13 
1.0469403122215226e-13 
1.0469403122215226e-13 
1.0469403122215226e-13 
1.0469403122215226e-13 
1.0469403122215226e-13 
1.0469403122215226e-13 
1.0469403122215226e-13 
1.0469403122215226e-13 
1.0469403122215226e-13 
1.0469403122215226e-13 
1.0469403122215226e-13 
1.0469403122215226e-13 
1.0469403122215226e-13 
1.0469403122215226e-13 
1.0469403122215226e-13 
1.0469403122215226e-13 
1.0469403122215226e-13 
1.0469403122215226e-13 
1.0469403122215226e-13 
1.0469403122215226e-13 
1.0469403122215226e-13 
1.0469403122215226e-13 
1.0469403122215226e-13 
1.0469403122215226e-13 
1.0469403122215226e-13 
1.0469403122215226e-13 
1.0469403122215226e-13 
1.0469403122215226e-13 
1.0469403122215226e-13 
1.0469403122215226e-13 
1.0469403122215226e-13 
1.0469403122215226e-13 
1.0469403122215226e-13 
1.0469403122215226e-13 
1.0469403122215226e-13 
1.0469403122215226e-13 
1.0469403122215226e-13 
1.0469403122215226e-13 
1.0469403122215226e-13 
1.0469403122215226e-13 
1.0469403122215226e-13 
1.0469403122215226e-13 
1.0469403122215226e-13 
1.0469403122215226e-13 
1.0469403122215226e-13 
1.0469403122215226e-13 
1.0469403122215226e-13 
1.0469403122215226e-13 
1.0469403122215226e-13 
1.0469403122215226e-13 
1.0469403122215226e-13 
1.0469403122215226e-13 
1.0469403122215226e-13 
1.0469403122215226e-13 
1.0469403122215226e-13 
1.0469403122215226e-13 
1.0469403122215226e-13 
1.0469403122215226e-13 
1.0469403122215226e-13 
1.0469403122215226e-13 
1.0469403122215226e-13 
1.0469403122215226e-13 
1.0469403122215226e-13 
1.0469403122215226e-13 
1.0469403122215226e-13 
1.0469403122215226e-13 
1.0469403122215226e-13 
1.0469403122215226e-13 
1.0469403122215226e-13 
1.0469403122215226e-13 
1.0469403122215226e-13 
1.0469403122215226e-13 
1.0469403122215226e-13 
1.0469403122215226e-13 
1.0469403122215226e-13 
1.0469403122215226e-13 
1.0469403122215226e-13 
1.0469403122215226e-13 
1.0469403122215226e-13 
1.0469403122215226e-13 
1.0469403122215226e-13 
1.0469403122215226e-13 
1.0469403122215226e-13 
1.0469403122215226e-13 
1.0469403122215226e-13 
1.0469403122215226e-13 
1.0469403122215226e-13 
1.0469403122215226e-13 
1.0469403122215226e-13 
1.0469403122215226e-13 
1.0469403122215226e-13 
1.0469403122215226e-13 
1.0469403122215226e-13 
1.0469403122215226e-13 
1.0469403122215226e-13 
1.0469403122215226e-13 
1.0469403122215226e-13 
1.0469403122215226e-13 
1.0469403122215226e-13 
1.0469403122215226e-13 
1.0469403122215226e-13 
1.0469403122215226e-13 
1.0469403122215226e-13 
1.0469403122215226e-13 
1.0469403122215226e-13 
1.0469403122215226e-13 
1.0469403122215226e-13 
1.0469403122215226e-13 
1.0469403122215226e-13 
1.0469403122215226e-13 
1.0469403122215226e-13 
1.0469403122215226e-13 
1.0469403122215226e-13 
1.0469403122215226e-13 
1.0469403122215226e-13 
1.0469403122215226e-13 
1.0469403122215226e-13 
1.0469403122215226e-13 
1.0469403122215226e-13 
1.0469403122215226e-13 
1.0469403122215226e-13 
1.0469403122215226e-13 
1.0469403122215226e-13 
1.0469403122215226e-13 
1.0469403122215226e-13 
1.0469403122215226e-13 
1.0469403122215226e-13 
1.0469403122215226e-13 
1.0469403122215226e-13 
1.0469403122215226e-13 
1.0469403122215226e-13 
1.0469403122215226e-13 
1.0469403122215226e-13 
1.0469403122215226e-13 
1.0469403122215226e-13 
1.0469403122215226e-13 
1.0469403122215226e-13 
1.0469403122215226e-13 
1.0469403122215226e-13 
1.0469403122215226e-13 
1.0469403122215226e-13 
1.0469403122215226e-13 
1.0469403122215226e-13 
1.0469403122215226e-13 
1.0469403122215226e-13 
1.0469403122215226e-13 
1.0469403122215226e-13 
1.0469403122215226e-13 
1.0469403122215226e-13 
1.0469403122215226e-13 
1.0469403122215226e-13 
1.0469403122215226e-13 
1.0469403122215226e-13 
1.0469403122215226e-13 
1.0469403122215226e-13 
1.0469403122215226e-13 
1.0469403122215226e-13 
1.0469403122215226e-13 
1.0469403122215226e-13 
1.0469403122215226e-13 
1.0469403122215226e-13 
1.0469403122215226e-13 
1.0469403122215226e-13 
1.0469403122215226e-13 
1.0469403122215226e-13 
1.0469403122215226e-13 
1.0469403122215226e-13 
1.0469403122215226e-13 
1.0469403122215226e-13 
1.0469403122215226e-13 
1.0469403122215226e-13 
1.0469403122215226e-13 
1.0469403122215226e-13 
1.0469403122215226e-13 
1.0469403122215226e-13 
1.0469403122215226e-13 
1.0469403122215226e-13 
1.0469403122215226e-13 
1.0469403122215226e-13 
1.0469403122215226e-13 
1.0469403122215226e-13 
1.0469403122215226e-13 
1.0469403122215226e-13 
1.0469403122215226e-13 
1.0469403122215226e-13 
1.0469403122215226e-13 
1.0469403122215226e-13 
1.0469403122215226e-13 
1.0469403122215226e-13 
1.0469403122215226e-13 
1.0469403122215226e-13 
1.0469403122215226e-13 
1.0469403122215226e-13 
1.0469403122215226e-13 
1.0469403122215226e-13 
1.0469403122215226e-13 
1.0469403122215226e-13 
1.0469403122215226e-13 
1.0469403122215226e-13 
1.0469403122215226e-13 
1.0469403122215226e-13 
1.0469403122215226e-13 
1.0469403122215226e-13 
1.0469403122215226e-13 
1.0469403122215226e-13 
1.0469403122215226e-13 
1.0469403122215226e-13 
1.0469403122215226e-13 
1.0469403122215226e-13 
1.0469403122215226e-13 
1.0469403122215226e-13 
1.0469403122215226e-13 
1.0469403122215226e-13 
1.0469403122215226e-13 
1.0469403122215226e-13 
1.0469403122215226e-13 
1.0469403122215226e-13 
1.0469403122215226e-13 
1.0469403122215226e-13 
1.0469403122215226e-13 
1.0469403122215226e-13 
1.0469403122215226e-13 
1.0469403122215226e-13 
1.0469403122215226e-13 
1.0469403122215226e-13 
1.0469403122215226e-13 
1.0469403122215226e-13 
1.0469403122215226e-13 
1.0469403122215226e-13 
1.0469403122215226e-13 
1.0469403122215226e-13 
1.0469403122215226e-13 
1.0469403122215226e-13 
1.0469403122215226e-13 
1.0469403122215226e-13 
1.0469403122215226e-13 
1.0469403122215226e-13 
1.0469403122215226e-13 
1.0469403122215226e-13 
1.0469403122215226e-13 
1.0469403122215226e-13 
1.0469403122215226e-13 
1.0469403122215226e-13 
1.0469403122215226e-13 
1.0469403122215226e-13 
1.0469403122215226e-13 
1.0469403122215226e-13 
1.0469403122215226e-13 
1.0469403122215226e-13 
1.0469403122215226e-13 
1.0469403122215226e-13 
1.0469403122215226e-13 
1.0469403122215226e-13 
1.0469403122215226e-13 
1.0469403122215226e-13 
1.0469403122215226e-13 
1.0469403122215226e-13 
1.0469403122215226e-13 
1.0469403122215226e-13 
1.0469403122215226e-13 
1.0469403122215226e-13 
1.0469403122215226e-13 
1.0469403122215226e-13 
1.0469403122215226e-13 
1.0469403122215226e-13 
1.0469403122215226e-13 
1.0469403122215226e-13 
1.0469403122215226e-13 
1.0469403122215226e-13 
1.0469403122215226e-13 
1.0469403122215226e-13 
1.0469403122215226e-13 
1.0469403122215226e-13 
1.0469403122215226e-13 
1.0469403122215226e-13 
1.0469403122215226e-13 
1.0469403122215226e-13 
1.0469403122215226e-13 
1.0469403122215226e-13 
1.0469403122215226e-13 
1.0469403122215226e-13 
1.0469403122215226e-13 
1.0469403122215226e-13 
1.0469403122215226e-13 
1.0469403122215226e-13 
1.0469403122215226e-13 
1.0469403122215226e-13 
1.0469403122215226e-13 
1.0469403122215226e-13 
1.0469403122215226e-13 
1.0469403122215226e-13 
1.0469403122215226e-13 
1.0469403122215226e-13 
1.0469403122215226e-13 
1.0469403122215226e-13 
1.0469403122215226e-13 
1.0469403122215226e-13 
1.0469403122215226e-13 
1.0469403122215226e-13 
1.0469403122215226e-13 
1.0469403122215226e-13 
1.0469403122215226e-13 
1.0469403122215226e-13 
1.0469403122215226e-13 
1.0469403122215226e-13 
1.0469403122215226e-13 
1.0469403122215226e-13 
1.0469403122215226e-13 
1.0469403122215226e-13 
1.0469403122215226e-13 
1.0469403122215226e-13 
1.0469403122215226e-13 
1.0469403122215226e-13 
1.0469403122215226e-13 
1.0469403122215226e-13 
1.0469403122215226e-13 
1.0469403122215226e-13 
1.0469403122215226e-13 
1.0469403122215226e-13 
1.0469403122215226e-13 
1.0469403122215226e-13 
1.0469403122215226e-13 
1.0469403122215226e-13 
1.0469403122215226e-13 
1.0469403122215226e-13 
1.0469403122215226e-13 
1.0469403122215226e-13 
1.0469403122215226e-13 
1.0469403122215226e-13 
1.0469403122215226e-13 
1.0469403122215226e-13 
1.0469403122215226e-13 
1.0469403122215226e-13 
1.0469403122215226e-13 
1.0469403122215226e-13 
1.0469403122215226e-13 
1.0469403122215226e-13 
1.0469403122215226e-13 
1.0469403122215226e-13 
1.0469403122215226e-13 
1.0469403122215226e-13 
1.0469403122215226e-13 
1.0469403122215226e-13 
1.0469403122215226e-13 
1.0469403122215226e-13 
1.0469403122215226e-13 
1.0469403122215226e-13 
1.0469403122215226e-13 
1.0469403122215226e-13 
1.0469403122215226e-13 
1.0469403122215226e-13 
1.0469403122215226e-13 
1.0469403122215226e-13 
1.0469403122215226e-13 
1.0469403122215226e-13 
1.0469403122215226e-13 
1.0469403122215226e-13 
1.0469403122215226e-13 
1.0469403122215226e-13 
1.0469403122215226e-13 
1.0469403122215226e-13 
1.0469403122215226e-13 
1.0469403122215226e-13 
1.0469403122215226e-13 
1.0469403122215226e-13 
1.0469403122215226e-13 
1.0469403122215226e-13 
1.0469403122215226e-13 
1.0469403122215226e-13 
1.0469403122215226e-13 
1.0469403122215226e-13 
1.0469403122215226e-13 
1.0469403122215226e-13 
1.0469403122215226e-13 
1.0469403122215226e-13 
1.0469403122215226e-13 
1.0469403122215226e-13 
1.0469403122215226e-13 
1.0469403122215226e-13 
1.0469403122215226e-13 
1.0469403122215226e-13 
1.0469403122215226e-13 
1.0469403122215226e-13 
1.0469403122215226e-13 
1.0469403122215226e-13 
1.0469403122215226e-13 
1.0469403122215226e-13 
1.0469403122215226e-13 
1.0469403122215226e-13 
1.0469403122215226e-13 
1.0469403122215226e-13 
1.0469403122215226e-13 
1.0469403122215226e-13 
